92/08/25,3822000,182376100,48.5,49.0,45.5,46.3,X0.00,1301
92/08/26,1766950,78256256,45.3,46.0,43.1,43.1,-3.20,827
92/08/27,1548325,65484536,41.5,43.9,41.1,41.2,-1.90,701
92/08/28,1765225,75038222,43.8,43.8,41.9,42.3,+1.10,629
92/08/29,1724100,75584108,44.0,44.9,42.5,44.5,+2.20,757
92/09/01,1254933,55472972,44.5,44.8,43.2,43.2,-1.30,465
92/09/02,992000,42688600,43.2,43.6,42.3,42.6,-0.60,391
92/09/03,990250,42203794,42.9,43.5,41.7,41.8,-0.80,449
92/09/04,973225,39702557,41.8,41.8,39.6,40.0,-1.80,536
92/09/05,1204425,48135315,40.0,40.8,39.1,39.2,-0.80,540
92/09/08,1085422,41363358,39.2,39.2,37.1,38.0,-1.20,595
92/09/09,1034149,40063749,39.0,39.5,38.0,38.2,+0.20,531
92/09/10,586173,21999574,38.2,38.2,37.0,38.0,-0.20,267
92/09/12,1133512,44593165,38.0,40.2,37.9,39.5,+1.50,589
92/09/15,2402168,90366901,39.8,39.8,36.8,36.8,-2.70,917
92/09/16,4638102,161821351,35.8,36.2,34.3,35.6,-1.20,1334
92/09/17,2813400,104357667,37.0,37.5,36.0,37.2,+1.60,1205
92/09/18,1442100,52628900,37.2,37.3,35.7,36.9,-0.30,689
92/09/19,2031200,75532147,36.9,37.8,36.6,36.7,-0.20,889
92/09/22,1505617,53740391,36.5,36.5,35.0,35.1,-1.60,686
92/09/23,1027615,35704834,34.9,35.0,34.5,34.8,-0.30,514
92/09/24,1538795,54565011,35.1,36.1,35.0,35.4,+0.60,699
92/09/25,1487852,53799698,34.2,37.2,34.2,37.0,+1.60,697
92/09/26,788210,28724192,37.0,37.0,36.1,36.1,-0.90,427
92/09/29,605780,21580759,35.8,36.0,35.5,35.5,-0.60,269
92/09/30,468110,16726121,35.7,36.1,35.2,35.2,-0.30,261
92/10/01,615760,21679169,35.0,35.6,34.9,35.0,-0.20,308
92/10/02,862200,30761099,35.5,36.1,35.3,35.4,+0.40,403
92/10/03,3324840,125208557,36.3,37.8,36.1,37.8,+2.40,946
92/10/06,1769470,71471321,40.4,40.4,40.4,40.4,+2.60,547
92/10/07,5050220,206689849,42.5,42.5,39.6,39.8,-0.60,2035
92/10/08,1722003,66992610,39.8,39.8,38.3,38.9,-0.90,855
92/10/09,2035751,80674962,38.7,40.9,38.6,40.8,+1.90,953
92/10/13,1842381,74227750,41.9,41.9,38.8,38.9,-1.90,904
92/10/14,2034230,77470097,38.9,38.9,37.1,37.2,-1.70,958
92/10/15,1158002,43979823,37.5,38.5,37.4,38.2,+1.00,659
92/10/16,872101,33255738,38.2,38.6,37.6,37.8,-0.40,523
92/10/17,1718468,66938408,38.3,39.8,38.2,38.2,+0.40,827
92/10/20,1316038,49977144,38.5,38.9,37.7,38.0,-0.20,602
92/10/21,1790208,66950397,38.5,38.5,36.6,37.0,-1.00,726
92/10/22,1484849,55701262,37.2,38.0,37.0,37.3,+0.30,634
92/10/23,930929,34444198,36.9,37.3,36.7,36.9,-0.40,376
92/10/24,538355,20057138,37.2,37.5,37.1,37.3,+0.40,285
92/10/27,831590,31396201,37.6,38.2,37.5,37.6,+0.30,390
92/10/28,2223682,85029140,38.2,38.6,37.8,38.2,+0.60,777
92/10/29,2337662,90918956,39.5,39.5,38.2,38.2, 0.00,959
92/10/30,1116610,42861680,38.5,38.8,38.0,38.0,-0.20,460
92/10/31,921685,34581034,38.0,38.3,37.2,37.2,-0.80,403
92/11/03,446640,16635686,37.0,37.6,37.0,37.5,+0.30,241
92/11/04,517890,19461104,37.9,38.0,37.3,37.3,-0.20,260
92/11/05,332932,12400807,37.4,37.5,37.1,37.2,-0.10,211
92/11/06,700290,26193142,37.4,37.8,37.2,37.2, 0.00,324
92/11/07,374212,13982563,37.5,37.7,37.2,37.3,+0.10,185
92/11/10,1757013,67070516,37.9,38.5,37.7,38.3,+1.00,694
92/11/11,3903290,154160449,38.5,40.0,38.3,39.9,+1.60,1489
92/11/12,2966018,118182507,40.0,40.4,39.3,40.0,+0.10,1063
92/11/13,1787310,71371830,40.8,40.8,39.5,40.0, 0.00,648
92/11/14,4633486,190338140,40.1,41.8,39.8,40.9,+0.90,1559
92/11/17,1654727,66549256,40.5,40.7,39.9,39.9,-1.00,642
92/11/18,1551601,62071654,40.3,40.8,39.3,39.4,-0.50,649
92/11/19,964720,37471822,39.3,39.4,38.2,39.1,-0.30,420
92/11/20,666901,26000847,39.2,39.6,38.6,39.0,-0.10,318
92/11/21,572100,21826479,37.8,38.6,37.8,38.2,-0.80,259
92/11/24,777855,30293890,39.0,39.4,38.6,38.7,+0.50,324
92/11/25,853200,33288300,39.6,39.6,38.5,38.6,-0.10,373
92/11/26,391830,15050371,38.8,38.9,38.2,38.3,-0.30,222
92/11/27,390660,14919345,38.3,38.4,38.0,38.2,-0.10,196
92/11/28,494300,19035100,38.6,38.7,38.4,38.5,+0.30,220
92/12/01,3194340,128321922,38.4,40.9,38.3,40.6,+2.10,1285
92/12/02,7318441,312553510,41.2,43.4,41.2,42.9,+2.30,2419
92/12/03,3481210,147338230,42.5,42.9,41.8,42.0,-0.90,1237
92/12/04,5205547,222420457,41.9,43.2,41.7,42.6,+0.60,1540
92/12/05,5983946,264471888,43.6,45.0,43.6,43.8,+1.20,2092
92/12/08,2684801,114043406,42.8,43.4,41.5,41.5,-2.30,1057
92/12/09,2311799,95046522,41.7,41.9,40.6,40.6,-0.90,929
92/12/10,1592789,65204144,40.2,41.6,40.1,40.6, 0.00,780
92/12/11,791790,32391149,41.4,41.4,40.7,40.7,+0.10,402
92/12/12,1150700,47493132,41.3,41.9,40.8,40.9,+0.20,524
92/12/15,622700,25619071,41.5,41.5,41.0,41.1,+0.20,297
92/12/16,687304,27974795,40.8,41.0,40.6,40.6,-0.50,377
92/12/17,1729594,69135946,40.8,41.1,39.0,39.0,-1.60,764
92/12/18,513800,20226840,39.6,39.6,39.0,39.6,+0.60,289
92/12/19,988656,38985345,40.4,40.4,39.1,39.2,-0.40,444
92/12/22,490910,19389890,39.8,39.8,39.1,39.5,+0.30,238
92/12/23,409126,16180149,39.7,39.8,39.3,39.6,+0.10,208
92/12/24,2072601,85047577,40.1,41.5,40.0,40.7,+1.10,971
92/12/25,954605,38672662,41.1,41.3,40.0,40.1,-0.60,448
92/12/26,1862613,76454052,40.8,41.3,40.8,41.2,+1.10,733
92/12/29,1249306,51373016,41.4,41.9,40.2,40.2,-1.00,593
92/12/30,1253898,50964486,41.0,41.1,40.3,40.5,+0.30,570
92/12/31,1028477,41460184,40.6,40.8,40.0,40.1,-0.40,476
93/01/02,1682000,68408400,40.4,41.2,40.2,40.8,+0.70,703
93/01/05,1241066,50602327,41.0,41.2,40.5,40.7,-0.10,521
93/01/06,1721699,70285880,41.5,41.5,40.2,40.2,-0.50,773
93/01/07,1919100,77768165,40.4,40.9,40.2,40.2, 0.00,689
93/01/08,8165993,349148464,41.6,43.0,41.3,42.8,+2.60,2549
93/01/09,9490350,408672370,42.8,44.0,42.2,43.3,+0.50,2990
93/01/12,3113540,134751592,43.1,43.7,42.8,42.8,-0.50,1276
93/01/13,4859290,212445660,43.2,44.0,43.1,44.0,+1.20,1881
93/01/14,4934035,218251687,44.0,44.7,43.6,44.0, 0.00,1902
93/01/15,2573080,112262281,44.2,44.2,43.1,43.1,-0.90,1027
93/01/16,4356558,191462482,43.6,44.5,43.4,43.8,+0.70,1464
93/01/27,3451000,152560600,44.3,44.8,43.5,43.8, 0.00,1021
93/01/28,2432246,106598178,43.6,44.3,43.2,43.3,-0.50,924
93/01/29,5118198,226415443,43.4,44.8,43.3,43.7,+0.40,1775
93/01/30,2776613,121780007,44.2,44.3,43.4,43.5,-0.20,996
93/02/02,2049235,88148180,43.6,43.9,42.5,42.5,-1.00,956
93/02/03,1793508,76176972,42.5,42.9,42.1,42.4,-0.10,753
93/02/04,1711681,72106222,42.7,42.7,41.6,41.7,-0.70,689
93/02/05,1524832,63894894,41.7,42.2,41.6,41.7, 0.00,604
93/02/06,1212095,50747207,42.2,42.2,41.6,41.8,+0.10,566
93/02/09,1175550,49386950,42.3,42.4,41.8,41.8, 0.00,500
93/02/10,1060570,44491362,42.3,42.3,41.7,41.8, 0.00,410
93/02/11,1060440,44380175,41.9,42.1,41.5,41.5,-0.30,428
93/02/12,1050954,43978353,41.8,42.3,41.6,41.7,+0.20,455
93/02/13,1222560,50650511,41.9,42.1,41.1,41.3,-0.40,490
93/02/16,2069360,86400368,41.3,42.3,41.3,41.8,+0.50,730
93/02/17,2207810,91262674,42.0,42.2,40.8,41.3,-0.50,738
93/02/18,1352211,56211157,41.6,41.9,41.1,41.6,+0.30,658
93/02/19,1408625,58680857,41.9,42.2,41.3,41.4,-0.20,581
93/02/20,1380163,56554922,41.4,41.4,40.8,40.9,-0.50,650
93/02/23,1484955,61114834,40.5,41.8,40.5,41.2,+0.30,708
93/02/24,688625,28122683,41.3,41.3,40.7,40.7,-0.50,334
93/02/25,866964,35349684,40.7,41.0,40.5,40.7, 0.00,339
93/02/26,1076650,44420763,40.9,41.6,40.8,41.0,+0.30,559
93/02/27,1836992,74839338,41.3,41.5,40.5,40.5,-0.50,674
93/03/01,1392433,56337709,40.5,40.7,40.3,40.3,-0.20,534
93/03/02,1424509,58323348,40.5,41.4,40.5,40.7,+0.40,645
93/03/03,1741696,70522864,41.0,41.0,40.1,40.1,-0.60,596
93/03/04,1047628,42391669,40.3,40.9,40.3,40.5,+0.40,471
93/03/05,3147462,129896401,40.9,41.7,40.7,40.8,+0.30,1110
93/03/08,4006800,168296433,41.3,42.6,41.0,42.0,+1.20,1677
93/03/09,1576670,65745030,42.2,42.2,41.4,41.4,-0.60,670
93/03/10,1542710,63267999,41.4,41.7,40.5,40.5,-0.90,599
93/03/11,788895,32159936,40.5,41.1,40.5,40.7,+0.20,377
93/03/12,5360927,227059009,41.5,43.2,41.2,42.2,+1.50,2145
93/03/15,2304017,96225988,43.0,43.0,40.5,40.5,-1.70,876
93/03/16,1414440,58219905,41.0,41.7,40.5,40.9,+0.40,695
93/03/17,958572,39346772,41.0,41.6,40.6,40.7,-0.20,340
93/03/18,3498740,147105050,41.1,42.8,41.1,42.1,+1.40,1209
93/03/19,1965448,81002797,42.0,42.0,40.8,40.9,-1.20,713
93/03/22,125460,4786392,38.1,38.1,38.1,38.1,-2.80,65
93/03/23,4391043,158940219,35.5,38.1,35.5,37.0,-1.10,1259
93/03/24,2180942,81485273,37.5,37.8,36.0,37.2,+0.20,711
93/03/25,1309200,48303501,37.3,37.5,36.5,36.5,-0.70,399
93/03/26,678250,24612977,37.3,37.3,36.0,36.0,-0.50,304
93/03/29,1456760,55072222,37.2,38.3,37.0,38.1,+2.10,533
93/03/30,958920,36361067,38.1,38.5,37.3,37.8,-0.30,407
93/03/31,657969,24912843,38.2,38.3,37.5,37.5,-0.30,272
93/04/01,2179670,84927192,37.5,39.9,37.5,39.6,+2.10,1000
93/04/02,2933409,119029409,41.2,41.2,39.6,40.5,+0.90,1166
93/04/05,8475969,362809816,41.6,43.3,41.0,43.3,+2.80,2258
93/04/06,17785632,810672840,46.2,46.3,44.3,44.8,+1.50,5286
93/04/07,3367577,147914428,44.0,44.5,43.5,44.2,-0.60,1398
93/04/08,2701378,117715427,44.3,44.5,43.1,43.2,-1.00,1140
93/04/09,4143804,180795913,43.2,44.3,42.6,43.6,+0.40,1575
93/04/12,5655710,242875634,43.9,44.2,42.3,42.4,-1.20,2103
93/04/13,2881040,122598245,42.6,43.3,41.9,42.4, 0.00,1209
93/04/14,2357560,98883579,42.2,42.4,41.6,41.8,-0.60,938
93/04/15,3479380,141730281,41.8,41.9,40.3,40.4,-1.40,1335
93/04/16,2415600,99106013,40.5,41.5,40.4,41.0,+0.60,938
93/04/19,1760170,71839923,41.3,41.5,40.4,40.4,-0.60,633
93/04/20,1634571,67255235,40.8,41.4,40.8,41.0,+0.60,693
93/04/21,1182706,48363874,40.8,41.2,40.8,40.8,-0.20,348
93/04/22,2847710,116487395,41.0,41.6,39.5,39.8,-1.00,912
93/04/23,1363998,54771220,40.3,40.7,39.8,40.3,+0.50,486
93/04/26,1450710,58625262,40.3,41.0,39.9,40.0,-0.30,519
93/04/27,1595380,62326123,40.0,40.2,38.5,39.0,-1.00,668
93/04/28,1555150,59579619,39.0,39.0,37.9,38.3,-0.70,532
93/04/29,1336000,51074400,38.3,38.8,37.5,38.1,-0.20,427
93/04/30,1393000,51680600,37.9,38.0,36.3,36.8,-1.30,521
93/05/03,836000,30990700,37.0,37.7,36.6,36.6,X0.00,323
93/05/04,731000,27111818,37.1,37.5,36.7,37.2,+0.60,338
93/05/05,1050801,37742545,36.8,37.1,34.6,35.4,-1.80,432
93/05/06,835960,29352609,36.0,36.2,34.2,34.7,-0.70,396
93/05/07,1118120,40158842,35.3,36.5,35.0,36.5,+1.80,545
93/05/10,437000,15429000,36.2,36.2,35.0,35.0,-1.50,205
93/05/11,503200,17531164,35.0,35.6,34.2,35.1,+0.10,246
93/05/12,557250,19878848,35.9,36.0,35.1,35.2,+0.10,286
93/05/13,482188,16866201,35.2,35.6,34.5,34.6,-0.60,233
93/05/14,964000,32880100,34.6,35.8,33.2,35.8,+1.20,377
93/05/17,425203,14235086,34.0,34.0,33.3,33.3,-2.50,215
93/05/18,998345,31500028,31.2,33.0,31.0,31.0,-2.30,422
93/05/19,983200,31778465,31.3,32.9,31.3,32.8,+1.80,457
93/05/20,514620,16435329,32.8,32.8,31.2,31.3,-1.50,294
93/05/21,820109,26438192,31.0,32.9,31.0,32.6,+1.30,433
93/05/24,588800,19326344,32.3,33.4,32.1,32.7,+0.10,311
93/05/25,728343,24152686,32.9,33.7,32.9,32.9,+0.20,335
93/05/26,2955040,101961936,34.0,35.2,33.5,35.2,+2.30,1064
93/05/27,1318817,45983229,35.5,35.5,34.3,34.4,-0.80,503
93/05/28,1035320,36248150,34.9,35.6,34.6,34.7,+0.30,525
93/05/31,525459,18142001,35.1,35.1,34.0,34.7, 0.00,277
93/06/01,310700,10613762,34.7,34.7,33.8,33.9,-0.80,166
93/06/02,737713,24251148,33.3,33.5,32.1,33.1,-0.80,301
93/06/03,557470,18245476,33.3,33.3,32.3,32.3,-0.80,206
93/06/04,434550,13950671,32.3,32.6,31.5,32.2,-0.10,204
93/06/07,415400,13668211,33.0,33.2,32.5,33.0,+0.80,202
93/06/08,945320,31960863,33.2,34.3,33.2,34.0,+1.00,420
93/06/09,174400,5873532,34.0,34.5,33.3,33.5,-0.50,106
93/06/10,460470,15247863,33.3,33.3,33.0,33.1,-0.40,134
93/06/11,368000,12081700,32.9,33.3,32.5,32.6,-0.50,167
93/06/14,212000,6811400,32.7,33.0,31.2,31.5,-1.10,112
93/06/15,296230,9384106,31.5,32.3,31.3,32.3,+0.80,125
93/06/16,701303,21552863,32.3,32.5,30.1,30.1,-2.20,341
93/06/17,2407613,68935843,29.1,30.1,28.0,30.1, 0.00,1004
93/06/18,747116,21494565,28.3,29.4,28.2,29.3,-0.80,390
93/06/21,987097,28400726,30.0,30.0,27.5,29.6,+0.30,434
93/06/23,394646,11567823,28.7,29.6,28.7,28.9,-0.70,249
93/06/24,1487600,43122850,28.9,29.6,28.3,28.9, 0.00,581
93/06/25,1151400,34073400,29.1,30.0,29.1,29.4,+0.50,457
93/06/28,3147640,98095869,30.5,31.4,30.5,30.8,+1.40,961
93/06/29,1055160,31426141,30.1,30.3,29.1,29.7,-1.10,467
93/06/30,1548680,45896594,30.4,30.5,28.8,28.9,-0.80,680
93/07/01,1572440,45881999,29.0,29.8,28.9,28.9, 0.00,476
93/07/02,591230,16822909,28.5,28.8,28.2,28.4,-0.50,247
93/07/05,679600,18873750,28.1,28.2,27.2,27.8,-0.60,280
93/07/06,554000,15175400,27.8,28.0,27.2,27.5,-0.30,263
93/07/07,509000,13791500,27.1,27.4,26.8,26.9,-0.60,243
93/07/08,483486,13054004,26.9,27.2,26.8,27.0,+0.10,238
93/07/09,855200,23561568,27.3,28.2,27.2,27.8,+0.80,378
93/07/12,713400,19967364,28.2,28.3,27.6,27.6,-0.20,287
93/07/13,628000,16924900,27.2,27.3,26.5,26.6,-1.00,249
93/07/14,701445,18901374,27.1,27.2,26.5,26.5,-0.10,252
93/07/15,542340,13996362,26.5,26.6,25.3,25.6,-0.90,226
93/07/16,488000,12225800,25.0,25.8,24.4,24.4,-1.20,251
93/07/19,1109210,25509565,24.0,24.3,22.7,22.7,-1.70,406
93/07/20,556646,11893482,22.0,22.0,21.2,21.2,-1.50,201
93/07/21,3103335,62451863,19.8,20.8,19.8,20.0,-1.20,962
93/07/22,1180571,23017262,19.2,19.9,19.1,19.7,-0.30,496
93/07/23,906785,18878385,20.2,21.0,20.1,21.0,+1.30,237
93/07/26,2461400,52812056,21.4,21.8,21.0,21.0, 0.00,819
93/07/27,1750005,36695504,21.0,21.5,20.2,21.5,+0.50,607
93/07/28,7216201,158905999,21.6,22.5,21.6,22.5,+1.00,1242
93/07/29,9114535,207834551,22.6,23.4,22.5,23.1,+0.60,1324
93/07/30,5661739,132030581,23.2,23.7,23.2,23.4,+0.30,921
93/08/02,4324010,101340732,23.5,23.7,23.2,23.5,+0.10,565
93/08/03,3852400,88939951,23.6,23.6,21.9,23.2,-0.30,681
93/08/04,3597110,79033738,22.9,23.0,21.6,22.4,-0.80,660
93/08/05,4071052,86359558,22.2,22.2,20.9,21.0,-1.40,985
93/08/06,3915008,81321749,20.3,21.4,20.2,20.7,-0.30,934
93/08/09,3688002,76943640,20.2,21.4,20.2,20.7, 0.00,890
93/08/10,2912222,60506266,20.7,21.1,20.5,20.5,-0.20,708
93/08/11,2520318,51730071,20.6,20.8,20.2,20.4,-0.10,602
93/08/12,1803964,36549458,20.2,20.5,19.9,20.5,+0.10,445
93/08/13,1819270,37322405,20.3,20.7,20.3,20.5, 0.00,397
93/08/16,1112120,22481935,20.5,20.5,19.8,20.1,-0.40,241
93/08/17,1950800,39135089,20.0,20.2,19.9,20.1, 0.00,404
93/08/18,2248545,44549394,20.1,20.2,18.7,20.2,+0.10,567
93/08/19,5747125,121111711,20.2,21.6,20.2,21.6,+1.40,1232
93/08/20,8584870,194290996,21.6,23.1,21.6,23.0,+1.40,1825
93/08/23,5131230,120083041,23.0,23.8,22.9,23.8,+0.80,1135
93/08/26,5766090,140538109,23.8,25.0,23.8,24.7,+0.90,1127
93/08/27,7702168,181324796,24.7,24.7,23.0,23.0,-1.70,985
93/08/30,527410,11287179,21.4,21.4,21.4,21.4,-1.60,193
93/08/31,363000,7260000,20.0,20.0,20.0,20.0,-1.40,114
93/09/01,8905000,170215400,18.6,20.5,18.6,20.1,+0.10,1726
93/09/02,6183000,115760800,18.1,19.3,18.1,19.3,X0.00,1397
93/09/03,9613970,195649120,20.4,20.6,19.9,20.6,+1.30,1951
93/09/06,8506002,178433118,20.6,21.9,20.2,21.9,+1.30,1817
93/09/07,5364248,117380070,21.9,22.3,21.5,21.9, 0.00,1196
93/09/08,5934317,128058294,21.9,22.1,21.0,21.5,-0.40,1117
93/09/09,6910010,152501192,21.5,22.7,21.5,22.3,+0.80,1683
93/09/10,4058400,88952672,22.3,22.5,21.0,21.8,-0.50,1027
93/09/13,5108200,112136927,21.8,22.3,21.7,21.8, 0.00,1107
93/09/14,9045852,201890478,21.8,22.7,21.8,22.6,+0.80,2092
93/09/15,6202631,140817962,22.6,23.1,22.3,22.3,-0.30,1350
93/09/16,6925365,155805653,22.3,22.8,22.2,22.8,+0.50,1265
93/09/17,6550620,143392940,22.8,22.9,21.3,21.4,-1.40,1429
93/09/20,6093434,127461727,21.4,21.8,20.0,20.4,-1.00,1258
93/09/21,4768842,93192660,20.4,20.7,19.0,19.3,-1.10,1238
93/09/22,3515176,68385878,19.3,19.9,19.2,19.9,+0.60,872
93/09/23,3881025,78252392,19.9,20.5,19.9,20.4,+0.50,1007
93/09/24,3530520,72422150,20.4,20.8,20.3,20.6,+0.20,810
93/09/27,2708200,54584498,20.5,20.7,19.6,19.8,-0.80,606
93/09/29,4517744,89897153,19.6,20.3,19.6,20.0,+0.20,924
93/09/30,6059001,124787619,20.1,21.1,20.1,20.7,+0.70,1273
93/10/01,8579409,185732010,21.0,22.1,21.0,22.1,+1.40,2119
93/10/04,7394296,168008264,22.6,23.1,22.3,22.7,+0.60,1875
93/10/05,3600154,80973934,22.7,22.8,22.1,22.5,-0.20,1050
93/10/06,5674955,129021748,22.6,23.2,22.2,22.2,-0.30,1811
93/10/07,8816572,198596405,22.5,23.2,21.5,22.9,+0.70,2321
93/10/08,5000695,114231010,23.0,23.2,22.4,22.4,-0.50,1299
93/10/11,2203595,48615534,22.4,22.4,21.7,21.9,-0.50,745
93/10/12,3209439,69996255,21.7,22.3,21.3,21.3,-0.60,968
93/10/13,2653989,56441555,21.5,21.7,20.8,20.8,-0.50,789
93/10/14,2910470,59606113,20.8,21.0,20.1,20.2,-0.60,874
93/10/15,2861000,57045600,20.2,20.4,19.6,19.9,-0.30,956
93/10/18,1323500,25867200,20.0,20.2,19.2,19.2,-0.70,472
93/10/19,5065300,97519529,19.5,19.6,19.1,19.3,+0.10,1315
93/10/20,2611272,49558819,19.3,19.3,18.8,18.9,-0.40,715
93/10/21,4795010,89927288,18.9,19.1,18.2,18.5,-0.40,1237
93/10/22,1749168,30260790,17.3,17.3,17.3,17.3,-1.20,327
93/10/26,155043,2497348,16.1,16.1,16.1,16.1,-1.20,53
93/10/27,135298,2029770,15.0,15.0,15.0,15.0,-1.10,62
93/10/28,12747456,180269000,13.95,14.9,13.95,14.1,-0.90,2450
93/10/29,6155503,82411174,13.5,13.8,13.15,13.15,-0.95,1281
93/11/01,3505240,43455714,12.35,12.7,12.25,12.25,-0.90,653
93/11/02,9509105,110379307,11.65,12.2,11.4,11.8,-0.45,2016
93/11/03,3952896,48629744,11.8,12.6,11.8,12.6,+0.80,853
93/11/04,8898110,114681906,13.3,13.3,12.6,12.6, 0.00,2101
93/11/05,6341630,78443299,12.8,12.95,12.0,12.0,-0.60,1478
93/11/08,2572563,30128054,12.0,12.0,11.55,11.65,-0.35,802
93/11/09,4504991,54889144,11.7,12.4,11.7,12.4,+0.75,1348
93/11/10,2750865,33866352,12.4,12.5,12.1,12.3,-0.10,875
93/11/11,3566964,44562007,12.3,12.65,12.2,12.3, 0.00,1044
93/11/12,3513860,43008216,12.5,12.6,12.0,12.1,-0.20,936
93/11/15,2658468,32250474,12.4,12.4,11.9,11.9,-0.20,657
93/11/16,2890914,34498105,11.9,12.05,11.8,11.8,-0.10,707
93/11/17,5407132,67012978,11.8,12.6,11.8,12.6,+0.80,1190
93/11/18,6748633,88046103,12.75,13.35,12.7,13.0,+0.40,1539
93/11/19,2400258,30796695,13.0,13.0,12.7,12.75,-0.25,687
93/11/22,2027789,24807739,12.15,12.5,12.1,12.15,-0.60,552
93/11/23,2082918,25186073,12.15,12.4,11.8,12.0,-0.15,596
93/11/24,2611174,31027748,12.1,12.1,11.8,11.8,-0.20,674
93/11/25,3615365,40687509,11.8,11.8,11.05,11.1,-0.70,983
93/11/26,3020493,31728783,10.7,11.0,10.35,10.35,-0.75,749
93/11/29,4659490,45314437,9.75,10.0,9.65,9.9,-0.45,1150
93/11/30,1668377,16277855,9.7,9.9,9.45,9.85,-0.05,495
93/12/01,4072996,41100709,9.75,10.35,9.6,10.1,+0.25,844
93/12/02,4600481,47272737,10.65,10.65,10.05,10.1, 0.00,1016
93/12/03,2025835,20409683,10.1,10.25,10.0,10.05,-0.05,460
93/12/06,1647563,16806109,10.05,10.3,10.0,10.3,+0.25,471
93/12/07,2903977,30494667,10.3,10.65,10.25,10.45,+0.15,805
93/12/08,1001256,10370050,10.45,10.45,10.3,10.3,-0.15,278
93/12/09,1314668,13721004,10.3,10.55,10.3,10.35,+0.05,332
93/12/10,1001479,10402992,10.5,10.5,10.35,10.35, 0.00,287
93/12/13,2438322,25737862,10.5,10.8,10.4,10.4,+0.05,558
93/12/14,1683571,17932606,10.6,10.8,10.5,10.65,+0.25,558
93/12/15,6659907,66982607,10.7,10.75,9.95,10.1,-0.55,1388
93/12/16,4177865,40789233,10.0,10.05,9.55,9.8,-0.30,1000
93/12/17,4896291,49933279,9.8,10.45,9.7,10.45,+0.65,1067
93/12/20,9929183,107329658,10.45,11.15,10.4,11.15,+0.70,2084
93/12/21,7249674,83242247,11.35,11.7,11.3,11.35,+0.20,1717
93/12/22,4106692,45393682,11.5,11.55,10.8,10.8,-0.55,983
93/12/23,3231451,34662009,10.8,10.9,10.55,10.55,-0.25,707
93/12/24,2607260,27855241,10.55,10.85,10.55,10.7,+0.15,609
93/12/27,1613344,17007659,10.75,10.8,10.4,10.5,-0.20,386
93/12/28,2034942,21160771,10.45,10.5,10.3,10.35,-0.15,461
93/12/29,3049106,32279005,10.35,10.75,10.35,10.55,+0.20,673
93/12/30,4419985,48798222,10.75,11.25,10.75,11.25,+0.70,1015
93/12/31,8865256,104309671,11.5,12.0,11.4,12.0,+0.75,1737
94/01/03,13313000,164778400,12.25,12.75,11.65,11.65,-0.35,2638
94/01/04,3743996,42610461,11.6,11.6,11.2,11.5,-0.15,1025
94/01/05,8400023,100917840,11.45,12.25,11.35,12.2,+0.70,1977
94/01/06,8635947,107284141,12.75,12.75,12.0,12.3,+0.10,2175
94/01/07,5994483,74301706,12.4,12.65,12.1,12.4,+0.10,1526
94/01/10,5196547,61862025,12.5,12.6,11.55,11.8,-0.60,1235
94/01/11,3797711,43387234,11.8,11.8,11.2,11.3,-0.50,964
94/01/12,3832184,43366308,11.3,11.6,11.05,11.2,-0.10,933
94/01/13,5202774,59022219,11.25,11.65,11.15,11.3,+0.10,1136
94/01/14,2591792,29320392,11.35,11.4,11.2,11.3, 0.00,653
94/01/17,4449597,49757497,11.3,11.5,11.0,11.0,-0.30,943
94/01/18,3322602,36742699,11.1,11.2,10.8,11.0, 0.00,794
94/01/19,6125232,70238812,11.1,11.75,11.05,11.75,+0.75,1396
94/01/20,9654245,116650367,11.75,12.5,11.75,12.0,+0.25,2220
94/01/21,3315619,38893232,12.0,12.0,11.5,11.5,-0.50,940
94/01/24,2774189,31060800,11.5,11.5,11.0,11.1,-0.40,720
94/01/25,6420960,67290222,10.65,10.9,10.35,10.35,-0.75,1448
94/01/26,4832323,48291586,9.7,10.35,9.7,10.0,-0.35,1206
94/01/27,8881820,93185790,10.0,10.7,10.0,10.7,+0.70,1760
94/01/28,8079587,86653189,10.9,11.0,10.45,10.8,+0.10,1506
94/01/31,6671422,73724210,10.9,11.3,10.7,11.05,+0.25,1366
94/02/01,4020120,45646765,11.2,11.6,11.1,11.25,+0.20,981
94/02/02,5042353,60005824,11.6,12.0,11.4,12.0,+0.75,822
94/02/03,13522500,172048160,12.6,12.8,12.45,12.8,+0.80,1743
94/02/14,4194000,57248100,13.65,13.65,13.65,13.65,+0.85,667
94/02/15,16998524,245306371,14.6,14.6,14.1,14.6,+0.95,3002
94/02/16,7440638,114463132,15.0,15.6,14.9,15.6,+1.00,1400
94/02/17,2506629,41595300,16.6,16.6,16.6,16.6,+1.00,548
94/02/18,23610258,414520912,17.7,17.7,17.0,17.7,+1.10,4245
94/02/21,22588577,420666410,18.2,18.9,18.0,18.9,+1.20,3404
94/02/22,19161804,359653873,19.3,19.4,18.0,18.1,-0.80,3819
94/02/23,22738045,424083510,17.8,19.3,17.4,19.3,+1.20,3494
94/02/24,14795586,272908723,19.1,19.1,18.0,18.0,-1.30,2872
94/02/25,17695680,334685376,18.5,19.2,18.5,19.1,+1.10,2999
94/03/01,14480998,278314412,19.4,19.6,18.6,19.6,+0.50,2008
94/03/02,39056446,783433532,19.7,20.95,18.5,18.8,-0.80,6679
94/03/03,34867236,668547743,18.9,20.1,18.1,20.1,+1.30,5252
94/03/04,26332994,520111175,20.1,20.1,19.1,19.4,-0.70,4186
94/03/07,20526368,390295088,19.4,19.6,18.5,18.75,-0.65,3284
94/03/08,24429688,464014610,18.8,19.3,18.6,18.8,+0.05,4217
94/03/09,27855180,552733394,19.0,20.1,19.0,20.1,+1.30,4941
94/03/10,35286707,742909838,20.5,21.5,20.5,21.5,+1.40,5857
94/03/11,24489197,551455653,22.0,23.0,21.7,23.0,+1.50,4518
94/03/14,13347590,324853016,24.0,24.6,23.5,24.6,+1.60,2446
94/03/15,45607787,1152899726,26.3,26.3,22.9,25.5,+0.90,9302
94/03/16,896501,21299178,23.75,23.75,23.75,23.75,-1.75,217
94/03/17,7010,154936,22.1,22.1,22.1,22.1,-1.65,8
94/03/18,10000,206000,20.6,20.6,20.6,20.6,-1.50,2
94/03/21,1000,19200,19.2,19.2,19.2,19.2,-1.40,1
94/03/22,2003,35857,17.9,17.9,17.9,17.9,-1.30,5
94/03/23,10000,166500,16.65,16.65,16.65,16.65,-1.25,4
94/03/24,33000,511500,15.5,15.5,15.5,15.5,-1.15,12
94/03/25,322080,4654133,14.45,14.45,14.45,14.45,-1.05,68
94/03/28,1361000,18305450,13.45,13.45,13.45,13.45,-1.00,231
94/03/29,926000,11621300,12.55,12.55,12.55,12.55,-0.90,83
94/03/30,133000,1556100,11.7,11.7,11.7,11.7,-0.85,40
94/03/31,57002,621323,10.9,10.9,10.9,10.9,-0.80,13
94/04/01,28000,284200,10.15,10.15,10.15,10.15,-0.75,14
94/04/04,406000,3832640,9.44,9.44,9.44,9.44,-0.71,88
94/04/06,358000,3143240,8.78,8.78,8.78,8.78,-0.66,66
94/04/07,23488923,211771497,8.17,9.39,8.17,9.39,+0.61,3492
94/04/08,2738653,27340431,10.0,10.0,10.0,10.0,+0.61,615
94/04/11,1642070,17556568,10.7,10.7,10.7,10.7,+0.70,303
94/04/12,652565,7432716,11.4,11.4,11.4,11.4,+0.70,136
94/04/13,12139324,134459602,12.15,12.15,10.65,10.65,-0.75,1642
94/04/14,1433000,14201030,9.91,9.91,9.91,9.91,-0.74,212
94/04/15,3385000,31749850,9.22,9.96,9.22,9.6,-0.31,562
94/04/18,2789180,25529827,9.0,10.2,8.93,9.2,-0.40,309
94/04/19,807193,7825904,9.3,9.84,9.25,9.84,+0.64,90
94/04/20,1655575,16956280,10.5,10.5,9.84,10.3,+0.46,338
94/04/21,747708,7551076,10.0,10.3,9.95,10.0,-0.30,195
94/04/22,2721000,25798349,10.6,10.6,9.3,9.32,-0.68,302
94/04/25,452779,4223087,9.5,9.5,9.25,9.28,-0.04,95
94/04/26,566467,5578312,9.53,9.92,9.51,9.92,+0.64,123
94/04/27,1176997,11881070,9.92,10.6,9.4,10.6,+0.68,173
94/04/28,501021,5264820,10.3,10.8,10.1,10.3,-0.30,132
94/04/29,380993,3857296,10.3,10.3,10.0,10.15,-0.15,96
94/05/03,1172246,11086017,9.44,9.8,9.44,9.44,-0.71,93
94/05/04,118000,1036040,8.78,8.78,8.78,8.78,-0.66,20
94/05/05,46000,375820,8.17,8.17,8.17,8.17,-0.61,7
94/05/06,1606000,12205600,7.6,7.6,7.6,7.6,-0.57,75
94/05/09,2200000,15554000,7.07,7.07,7.07,7.07,-0.53,74
94/05/10,6494000,42958420,6.58,7.4,6.58,7.07, 0.00,374
94/05/11,924000,6235760,6.58,6.88,6.58,6.8,-0.27,166
94/05/12,3402369,21812111,6.66,6.9,6.33,6.9,+0.10,199
94/05/13,2758446,18048109,6.52,6.89,6.42,6.76,-0.14,228
94/05/16,1193429,7587961,6.29,6.65,6.29,6.65,-0.11,137
94/05/17,376000,2622400,6.5,7.11,6.5,7.11,+0.46,62
94/05/18,789162,5969911,7.49,7.6,7.35,7.6,+0.49,104
94/05/19,87100,705208,8.13,8.13,8.13,8.13,+0.53,39
94/05/20,51494,442902,8.69,8.69,8.69,8.69,+0.56,36
94/05/23,1307354,11768614,9.29,9.29,8.09,8.88,+0.19,178
94/05/24,558731,4854193,8.26,9.18,8.26,9.0,+0.12,113
94/05/25,469000,4302450,9.0,9.5,8.84,9.35,+0.35,93
94/05/26,745000,7201840,9.3,9.89,9.3,9.82,+0.47,117
94/05/27,851997,8674625,9.83,10.35,9.83,10.1,+0.28,154
94/05/30,779501,7631296,9.82,10.1,9.62,10.0,-0.10,120
94/05/31,980198,9762035,9.81,10.35,9.7,10.35,+0.35,112
94/06/01,1212664,12027158,10.3,10.3,9.7,10.05,-0.30,142
94/06/02,644526,6340476,10.0,10.0,9.7,9.89,-0.16,97
94/06/03,972160,9565109,9.89,10.0,9.71,9.8,-0.09,124
94/06/06,1129032,10888306,9.78,9.99,9.35,9.75,-0.05,178
94/06/07,275910,2645994,9.79,9.85,9.4,9.78,+0.03,69
94/06/08,899108,8962228,9.78,10.15,9.7,10.15,+0.37,163
94/06/09,1238560,12647476,10.2,10.4,10.0,10.2,+0.05,169
94/06/10,679059,6805853,10.2,10.2,9.89,10.0,-0.20,96
94/06/13,713228,7242724,9.9,10.35,9.9,10.2,+0.20,113
94/06/14,299047,3026378,10.0,10.2,10.0,10.2, 0.00,76
94/06/15,353590,3572656,10.2,10.3,10.0,10.2, 0.00,87
94/06/16,1069275,11652602,10.9,10.9,10.9,10.9,+0.70,129
94/06/17,164970,1920299,11.65,11.65,11.65,11.65,+0.75,32
94/06/20,10754,131514,12.45,12.45,12.45,12.45,+0.80,15
94/06/21,29616,391482,13.3,13.3,13.3,13.3,+0.85,35
94/06/22,16064247,228062100,14.2,14.2,14.05,14.2,+0.90,1943
94/06/23,16530165,250063024,15.15,15.15,14.75,15.15,+0.95,2332
94/06/24,11167325,176605745,15.15,16.2,14.8,16.2,+1.05,2691
94/06/27,10134040,170942508,16.2,17.3,16.0,17.0,+0.80,2495
94/06/28,9304848,151589001,17.0,17.0,15.85,15.85,-1.15,2173
94/06/29,8135706,122857060,15.55,15.55,14.8,15.1,-0.75,1781
94/06/30,4313966,63884568,14.6,15.1,14.5,14.8,-0.30,1009
94/07/01,4050561,57516132,14.3,14.75,13.9,14.1,-0.70,963
94/07/04,1185392,15591719,13.15,13.15,13.15,13.15,-0.95,304
94/07/05,1319000,16157750,12.25,12.25,12.25,12.25,-0.90,263
94/07/06,6521000,80259300,11.85,13.1,11.85,13.1,+0.85,887
94/07/07,10672818,148526397,13.8,14.0,13.5,14.0,+0.90,1655
94/07/08,5651001,81231337,14.45,14.8,14.0,14.2,+0.20,1438
94/07/11,3488780,52167087,14.8,15.15,14.5,15.15,+0.95,717
94/07/12,2958474,47553246,16.0,16.2,15.7,16.2,+1.05,538
94/07/13,12458100,210441015,16.9,17.3,16.2,16.9,+0.70,2597
94/07/14,5741464,96027413,16.9,17.3,16.2,16.8,-0.10,1489
94/07/15,12188894,212565742,16.8,17.95,16.5,16.7,-0.10,2669
94/07/19,6028515,102602252,17.0,17.5,16.7,16.75,+0.05,1474
94/07/20,7004127,114007206,17.0,17.25,15.6,15.75,-1.00,2073
94/07/21,5459615,83271412,15.8,16.2,14.65,14.8,-0.95,1388
94/07/22,3631168,53959556,14.7,15.3,14.2,14.8, 0.00,1088
94/07/25,2962337,45356197,14.8,15.8,14.8,15.8,+1.00,801
94/07/26,4806771,78187455,16.4,16.6,15.8,16.0,+0.20,1216
94/07/27,3835002,58245234,16.2,16.3,14.9,14.95,-1.05,1016
94/07/28,3744694,56063405,14.95,15.3,14.65,14.95, 0.00,915
94/07/29,3770360,58164339,15.5,15.8,15.05,15.3,+0.35,1055
94/08/01,1734909,25493256,15.3,15.3,14.5,14.5,-0.80,572
94/08/02,3423734,47522817,14.5,15.0,13.5,13.6,-0.90,881
94/08/03,2463314,33512850,13.7,14.0,13.2,13.7,+0.10,758
94/08/04,3413159,49304345,13.8,14.65,13.6,14.65,+0.95,995
94/08/08,1232968,17626938,14.5,14.5,14.1,14.2,-0.45,414
94/08/09,739951,10516426,14.0,14.4,14.0,14.25,+0.05,291
94/08/10,1622462,23775111,14.4,15.05,14.25,14.25, 0.00,566
94/08/11,1589614,22875303,14.65,14.75,14.2,14.25, 0.00,521
94/08/12,5092457,77162880,14.8,15.2,14.7,15.2,+0.95,1037
94/08/15,7785472,121539770,15.4,15.95,15.3,15.5,+0.30,1740
94/08/16,2718206,40966648,15.7,15.75,14.75,14.75,-0.75,726
94/08/17,2070523,31306622,14.6,15.4,14.5,15.1,+0.35,620
94/08/18,1752934,26610645,15.3,15.5,14.85,14.95,-0.15,461
94/08/19,1131680,16497377,14.75,14.9,14.4,14.4,-0.55,347
94/08/22,991000,14415100,14.5,14.9,14.3,14.4, 0.00,354
94/08/23,1251431,17884790,14.55,14.7,14.0,14.0,-0.40,412
94/08/24,1409114,19262995,14.0,14.0,13.5,13.5,-0.50,382
94/08/25,1262331,17483080,13.2,14.15,13.2,14.0,+0.50,454
94/08/26,744540,10324800,14.25,14.25,13.7,13.75,-0.25,270
94/08/29,816125,10462567,12.9,12.9,12.8,12.8,-0.95,196
94/08/30,3168871,38255986,11.95,12.8,11.95,12.8, 0.00,780
94/08/31,850946,10373641,12.55,12.7,12.0,12.0,-0.80,304
94/09/02,1290323,15805506,12.2,12.5,12.0,12.5,+0.50,326
94/09/05,1040840,12696039,12.6,12.8,12.0,12.0,-0.50,264
94/09/06,574158,7024623,12.3,12.35,12.1,12.3,+0.30,171
94/09/07,501116,6229293,12.8,12.8,12.25,12.3, 0.00,185
94/09/08,314620,3902131,12.35,12.45,12.35,12.35,+0.05,123
94/09/09,1665383,21240909,12.4,13.1,12.4,13.05,+0.70,507
94/09/12,945164,12144335,13.3,13.3,12.5,12.5,-0.55,321
94/09/13,708176,8947343,12.65,12.8,12.35,12.45,-0.05,210
94/09/14,873212,10788532,12.65,12.65,12.05,12.4,-0.05,190
94/09/15,443709,5427241,12.45,12.45,12.1,12.1,-0.30,144
94/09/16,534846,6438575,12.1,12.3,11.8,12.0,-0.10,192
94/09/19,1151948,13205367,12.0,12.0,11.2,11.2,-0.80,290
94/09/20,1552302,16864402,10.6,11.3,10.5,11.3,+0.10,440
94/09/21,968918,10995766,11.2,11.6,11.0,11.15,-0.15,311
94/09/22,709560,8372409,11.6,11.9,11.3,11.9,+0.75,193
94/09/23,2812221,34886166,12.3,12.7,11.9,12.1,+0.20,862
94/09/26,743692,8923224,12.1,12.5,11.8,11.8,-0.30,277
94/09/27,1118320,13321281,11.8,12.2,11.55,12.2,+0.40,307
94/09/28,2885220,36716896,12.1,13.05,12.1,13.05,+0.85,675
94/09/29,2440816,32599939,13.25,13.5,13.15,13.35,+0.30,686
94/09/30,1684088,22077696,13.45,13.45,12.9,12.9,-0.45,454
94/10/03,871913,11307891,12.9,13.15,12.8,12.9, 0.00,324
94/10/04,809538,10450552,13.0,13.15,12.65,12.75,-0.15,253
94/10/05,1210203,15695730,12.95,13.35,12.75,12.75, 0.00,396
94/10/06,1548270,20856966,12.75,13.6,12.75,13.6,+0.85,417
94/10/07,3157052,43789232,14.05,14.25,13.3,13.35,-0.25,712
94/10/11,783516,10542460,13.4,13.8,13.25,13.35, 0.00,281
94/10/12,984193,13032669,13.7,13.75,12.8,12.85,-0.50,332
94/10/13,754731,9579489,12.8,13.0,12.5,12.75,-0.10,272
94/10/14,505849,6546215,12.9,13.2,12.8,12.9,+0.15,182
94/10/17,885462,10979334,12.9,13.05,12.1,12.4,-0.50,259
94/10/18,553733,6832563,12.6,12.6,12.15,12.4, 0.00,155
94/10/19,2343000,30361150,12.4,13.25,12.2,12.8,+0.40,685
94/10/20,1030022,13223413,13.1,13.2,12.6,12.7,-0.10,317
94/10/21,558530,7059122,12.7,12.9,12.35,12.65,-0.05,207
94/10/24,569217,7218707,12.8,12.9,12.6,12.6,-0.05,166
94/10/25,957003,11879636,12.95,12.95,12.0,12.25,-0.35,230
94/10/26,729203,8616221,12.25,12.25,11.5,11.65,-0.60,221
94/10/27,656841,7497046,11.55,11.7,11.1,11.1,-0.55,183
94/10/28,1280000,14759850,11.0,11.85,11.0,11.85,+0.75,328
94/10/31,1081339,13306884,12.3,12.5,12.1,12.15,+0.30,309
94/11/01,653652,7849325,12.35,12.35,11.8,12.15, 0.00,201
94/11/02,898015,11209158,12.15,12.95,12.0,12.6,+0.45,360
94/11/03,673094,8360755,12.8,12.8,12.2,12.2,-0.40,237
94/11/04,443009,5449666,12.4,12.6,12.1,12.3,+0.10,174
94/11/07,479647,5861439,12.5,12.5,12.0,12.05,-0.25,141
94/11/08,607079,7303431,12.05,12.25,11.85,12.0,-0.05,144
94/11/09,530543,6451732,11.95,12.3,11.95,12.2,+0.20,160
94/11/10,2278526,29466754,12.2,13.05,12.2,13.05,+0.85,493
94/11/11,2387701,31194875,13.3,13.3,12.8,12.9,-0.15,505
94/11/14,1535517,21034865,13.3,13.8,13.25,13.8,+0.90,326
94/11/15,3056346,42785711,14.1,14.3,13.7,13.85,+0.05,780
94/11/16,1397387,19319438,13.8,14.15,13.55,13.65,-0.20,368
94/11/17,2402337,33345054,13.65,14.15,13.4,13.65, 0.00,497
94/11/18,1202715,16625208,13.8,14.15,13.45,13.45,-0.20,369
94/11/21,3877278,55324311,13.75,14.35,13.6,14.35,+0.90,727
94/11/22,2152038,30440476,14.3,14.45,13.9,14.1,-0.25,530
94/11/23,1454976,20106701,14.2,14.25,13.6,13.65,-0.45,377
94/11/24,1768354,24245343,13.65,13.9,13.6,13.65, 0.00,434
94/11/25,1116647,15156041,13.85,13.85,13.25,13.6,-0.05,343
94/11/28,1478915,20169177,13.6,14.05,13.4,13.6, 0.00,427
94/11/29,2813715,39581656,13.65,14.5,13.6,13.75,+0.15,797
94/11/30,1799898,24823560,13.95,14.0,13.55,13.75, 0.00,459
94/12/01,881554,12057005,13.75,13.9,13.55,13.6,-0.15,254
94/12/02,2163100,29835987,13.8,14.1,13.55,13.7,+0.10,520
94/12/05,3410076,48817814,14.0,14.5,14.0,14.3,+0.60,844
94/12/06,1990811,28685046,14.4,14.85,14.0,14.1,-0.20,557
94/12/07,2981952,42819951,14.3,14.65,14.05,14.2,+0.10,793
94/12/08,1414621,20279523,14.5,14.5,14.2,14.4,+0.20,370
94/12/09,4783875,70829166,14.45,15.35,14.15,14.9,+0.50,1146
94/12/12,1994578,29740691,15.1,15.15,14.65,14.9, 0.00,516
94/12/13,1860033,28078376,14.9,15.3,14.8,14.9, 0.00,513
94/12/14,1624706,24510748,15.1,15.4,14.75,14.75,-0.15,490
94/12/15,3373356,51175579,14.8,15.45,14.8,15.0,+0.25,762
94/12/16,2901108,44068045,15.2,15.55,14.8,14.85,-0.15,721
94/12/19,3102134,45951590,15.2,15.2,14.3,14.5,-0.35,748
94/12/20,1656443,24093250,14.5,14.8,14.35,14.35,-0.15,522
94/12/21,1706838,24581296,14.65,14.65,14.3,14.3,-0.05,501
94/12/22,2711176,39672766,14.35,14.95,14.35,14.4,+0.10,697
94/12/23,1659370,24163757,14.5,14.7,14.45,14.6,+0.20,401
94/12/26,3334503,50549995,15.15,15.4,14.8,15.1,+0.50,953
94/12/27,2330554,35138835,15.5,15.5,14.7,14.75,-0.35,577
94/12/28,1384720,20120850,14.5,14.75,14.4,14.6,-0.15,367
94/12/29,3547325,53022254,14.8,15.15,14.6,14.8,+0.20,718
94/12/30,2090566,31041276,14.9,15.2,14.6,14.6,-0.20,566
95/01/02,1674116,23932082,14.2,14.55,14.15,14.25,-0.35,427
95/01/03,2230642,33439349,14.3,15.2,14.3,15.2,+0.95,401
95/01/04,6480422,105292338,16.25,16.25,16.0,16.25,+1.05,934
95/01/05,7747654,129715554,17.2,17.2,16.25,16.25, 0.00,1715
95/01/06,4489941,71879070,16.25,16.6,15.6,15.8,-0.45,956
95/01/09,8272791,139757505,16.9,16.9,16.7,16.9,+1.10,1370
95/01/10,7576424,129848499,17.2,17.4,16.6,17.05,+0.15,1762
95/01/11,3148720,52910428,17.05,17.3,16.65,16.65,-0.40,801
95/01/12,4688755,75601736,17.0,17.05,15.5,15.75,-0.90,1165
95/01/13,1737492,26904174,15.65,15.8,15.3,15.35,-0.40,503
95/01/16,2509390,37809369,15.4,15.4,14.8,15.0,-0.35,577
95/01/17,2934594,45582006,15.0,15.85,15.0,15.35,+0.35,829
95/01/18,3228948,48980381,15.0,15.7,14.65,14.75,-0.60,777
95/01/19,1827924,26802440,14.8,15.0,14.1,14.75, 0.00,508
95/01/20,1141748,16513407,14.95,15.0,14.25,14.25,-0.50,336
95/01/23,1277411,18050129,14.1,14.45,13.8,13.8,-0.45,344
95/01/24,958368,13630586,14.2,14.4,14.1,14.15,+0.35,285
95/01/25,1291510,18402490,14.4,14.5,14.05,14.1,-0.05,320
95/02/03,539637,7738244,14.4,14.55,14.2,14.3,+0.20,198
95/02/06,846614,11809605,14.05,14.25,13.5,14.25,-0.05,309
95/02/07,1609492,24239126,14.5,15.2,14.45,15.2,+0.95,343
95/02/08,6877196,108156135,15.4,16.25,15.3,15.35,+0.15,1559
95/02/09,2814037,42938296,15.5,15.9,14.75,14.85,-0.50,749
95/02/10,1414107,20569656,14.85,15.0,14.4,14.4,-0.45,387
95/02/13,1201322,17080041,14.3,14.55,14.0,14.1,-0.30,345
95/02/14,769855,10998839,14.0,14.45,14.0,14.35,+0.25,271
95/02/15,1454184,21180888,14.7,14.8,14.4,14.5,+0.15,483
95/02/16,1239371,18004165,14.55,14.8,14.3,14.3,-0.20,400
95/02/17,1957403,27656568,14.35,14.6,13.8,13.9,-0.40,575
95/02/20,1139847,15811056,13.8,14.1,13.7,13.8,-0.10,349
95/02/21,1111530,15383759,14.0,14.1,13.7,13.7,-0.10,321
95/02/22,1345796,18181756,13.8,13.85,13.2,13.35,-0.35,418
95/02/23,1010975,13425871,13.4,13.45,13.05,13.3,-0.05,270
95/02/24,1254292,16289686,13.1,13.3,12.85,12.95,-0.35,393
95/02/27,665950,8516409,12.6,13.0,12.55,12.8,-0.15,227
95/03/01,917290,12166118,12.8,13.5,12.8,13.5,+0.70,346
95/03/02,951413,12843799,13.7,13.8,13.3,13.3,-0.20,313
95/03/03,730322,9513805,13.4,13.4,12.85,12.9,-0.40,244
95/03/06,594023,7667795,12.9,13.1,12.8,12.9, 0.00,186
95/03/07,671186,8721395,13.0,13.1,12.9,12.9, 0.00,197
95/03/08,743866,9526653,13.1,13.1,12.7,12.7,-0.20,198
95/03/09,840148,10897140,12.8,13.2,12.8,12.8,+0.10,277
95/03/10,563220,7296852,13.0,13.1,12.85,12.95,+0.15,193
95/03/13,1572427,20879454,13.1,13.5,12.95,13.3,+0.35,354
95/03/14,1320583,17594429,13.3,13.6,13.0,13.0,-0.30,346
95/03/15,1184100,15325318,13.05,13.25,12.85,12.85,-0.15,275
95/03/16,901583,11636045,13.0,13.0,12.75,12.75,-0.10,249
95/03/17,685506,8749175,12.75,12.9,12.7,12.7,-0.05,196
95/03/20,673273,8589189,12.85,12.95,12.65,12.7, 0.00,195
95/03/21,484165,6165261,12.9,12.9,12.65,12.65,-0.05,132
95/03/22,7606778,98898056,12.65,13.15,12.6,12.9,+0.25,842
95/03/23,1347007,17266086,13.0,13.15,12.55,12.55,-0.35,367
95/03/24,2568000,30464500,12.55,12.6,11.7,11.8,-0.75,696
95/03/27,2300696,25644339,11.85,12.0,11.0,11.25,-0.55,665
95/03/28,1865493,21837966,11.3,12.0,11.1,12.0,+0.75,551
95/03/29,1170604,13710193,12.0,12.0,11.5,11.65,-0.35,412
95/03/30,865425,10168286,11.7,11.9,11.6,11.7,+0.05,273
95/03/31,813208,9575259,11.7,11.95,11.65,11.75,+0.05,270
95/04/03,1151778,13811217,11.9,12.2,11.8,12.0,+0.25,347
95/04/04,1975206,24459587,12.1,12.8,11.9,12.5,+0.50,593
95/04/06,1526635,19462697,12.7,12.95,12.6,12.75,+0.25,390
95/04/07,926286,11648278,12.75,12.9,12.4,12.5,-0.25,307
95/04/10,736430,8945238,12.5,12.5,11.9,12.05,-0.45,240
95/04/11,963649,11720350,12.1,12.4,12.0,12.15,+0.10,271
95/04/12,1270612,15732735,12.15,12.6,12.1,12.6,+0.45,323
95/04/13,1357661,17286308,12.8,12.85,12.5,12.65,+0.05,422
95/04/14,2597261,34005123,12.85,13.35,12.8,12.9,+0.25,673
95/04/17,2508687,33216394,13.1,13.4,13.1,13.2,+0.30,535
95/04/18,1382992,17911791,13.2,13.2,12.7,12.9,-0.30,347
95/04/19,4835292,65666913,13.15,13.8,13.1,13.4,+0.50,1016
95/04/20,2977465,40074083,13.6,13.65,13.25,13.35,-0.05,593
95/04/21,2681638,34968798,13.35,13.55,12.8,12.9,-0.45,558
95/04/24,1667598,21292671,12.7,13.0,12.5,12.75,-0.15,387
95/04/25,2030268,25717745,12.8,12.95,12.45,12.5,-0.25,421
95/04/26,2301798,28877643,12.5,12.75,12.4,12.5, 0.00,406
95/04/27,2121411,26306400,12.5,12.65,12.2,12.2,-0.30,419
95/04/28,1372927,17027251,12.25,12.55,12.2,12.45,+0.25,292
95/05/02,1699799,20720776,12.65,12.65,12.0,12.2,-0.25,380
95/05/03,5292441,60573461,11.6,11.95,11.35,11.8,-0.40,1032
95/05/04,1429891,16531843,11.75,11.75,11.4,11.65,-0.15,400
95/05/05,1890219,21818850,11.6,11.8,11.35,11.35,-0.30,390
95/05/08,3281353,35476205,11.35,11.35,10.6,10.8,-0.55,786
95/05/09,2102001,23740048,10.75,11.55,10.65,11.55,+0.75,564
95/05/10,3392677,40985967,12.35,12.35,11.85,12.0,+0.45,845
95/05/11,1301830,15516425,12.3,12.3,11.7,11.8,-0.20,372
95/05/12,1121999,13249537,11.8,12.0,11.65,11.85,+0.05,305
95/05/15,820028,9706528,11.85,12.0,11.5,11.85, 0.00,254
95/05/16,2798732,34533738,12.05,12.5,12.05,12.3,+0.45,747
95/05/17,1232462,15165288,12.5,12.5,12.1,12.1,-0.20,352
95/05/18,1410403,17119123,12.0,12.3,11.8,12.1, 0.00,347
95/05/19,2176154,27327146,12.25,12.8,12.25,12.55,+0.45,592
95/05/22,2414044,31360553,12.75,13.25,12.7,12.7,+0.15,634
95/05/23,1567370,19690451,12.7,12.9,12.3,12.3,-0.40,365
95/05/24,1192243,14304738,12.1,12.4,11.6,11.9,-0.40,320
95/05/25,576241,6870342,12.05,12.05,11.8,11.9, 0.00,159
95/05/26,525094,6289448,12.1,12.2,11.8,11.8,-0.10,162
95/05/29,740184,8920047,11.8,12.25,11.8,12.05,+0.25,174
95/05/30,3840586,49248623,12.4,12.85,12.3,12.85,+0.80,703
95/06/01,2984140,38161711,12.85,12.95,12.55,12.6,-0.25,684
95/06/02,1604356,20562083,12.95,13.1,12.6,12.65,+0.05,437
95/06/05,3353616,43180852,12.8,13.25,11.85,12.2,-0.45,906
95/06/06,1923107,23241037,12.3,12.6,11.6,12.5,+0.30,544
95/06/07,869430,10576045,12.5,12.5,12.0,12.0,-0.50,288
95/06/08,1898462,21597589,11.8,12.0,11.2,11.2,-0.80,462
95/06/09,1196107,13323869,11.0,11.6,10.8,11.55,+0.35,342
95/06/12,556458,6272683,11.4,11.4,11.2,11.25,-0.30,166
95/06/13,363843,4094265,11.15,11.5,11.0,11.1,-0.15,132
95/06/14,699000,7933600,11.0,11.5,11.0,11.3,+0.20,175
95/06/15,837902,9595122,11.5,11.7,11.0,11.0,-0.30,278
95/06/16,768544,8741117,11.35,11.6,11.2,11.25,+0.25,198
95/06/19,579541,6516035,11.6,11.6,11.05,11.3,+0.05,171
95/06/20,520229,5833690,11.3,11.45,11.05,11.2,-0.10,128
95/06/21,722000,7939750,11.1,11.3,10.8,10.85,-0.35,142
95/06/22,290628,3246370,11.0,11.3,11.0,11.2,+0.35,114
95/06/23,797010,8832510,11.2,11.25,10.95,11.15,-0.05,183
95/06/26,422107,4766298,11.2,11.5,11.2,11.3,+0.15,131
95/06/27,612000,7031900,11.5,11.65,11.3,11.4,+0.10,189
95/06/28,507384,5683300,11.4,11.4,11.1,11.2,-0.20,160
95/06/29,450292,5111490,11.4,11.5,11.2,11.25,+0.05,115
95/06/30,959661,11004534,11.55,11.6,11.35,11.5,+0.25,167
95/07/03,306507,3484253,11.55,11.55,11.3,11.35,-0.15,83
95/07/04,294954,3367183,11.3,11.5,11.3,11.35, 0.00,102
95/07/05,626114,6961141,11.4,11.4,11.0,11.05,-0.30,153
95/07/06,247646,2763070,11.0,11.25,11.0,11.2,+0.15,68
95/07/07,405202,4562291,11.2,11.45,11.05,11.25,+0.05,104
95/07/10,327293,3613423,11.2,11.2,10.8,11.1,-0.15,96
95/07/11,783598,8931075,11.0,11.55,11.0,11.25,+0.15,245
95/07/12,1162154,13406690,11.45,11.8,11.3,11.35,+0.10,351
95/07/13,872680,9976617,11.15,11.65,11.15,11.5,+0.15,256
95/07/14,522114,5867676,11.35,11.5,11.15,11.2,-0.30,194
95/07/17,865323,9478467,11.2,11.3,10.85,10.85,-0.35,193
95/07/18,398708,4434929,10.95,11.3,10.9,11.25,+0.40,151
95/07/19,1117430,12829744,11.35,11.65,11.15,11.2,-0.05,321
95/07/20,767816,8742951,11.5,11.55,11.25,11.45,+0.25,239
95/07/21,423265,4776718,11.35,11.4,11.2,11.3,-0.15,92
95/07/24,226000,2514350,11.2,11.3,11.05,11.05,-0.25,83
95/07/25,423374,4755100,11.35,11.35,11.1,11.2,+0.15,109
95/07/26,381221,4262181,11.4,11.4,11.05,11.15,-0.05,114
95/07/27,610256,6756616,11.2,11.2,11.0,11.05,-0.10,118
95/07/28,336924,3746970,11.05,11.25,11.05,11.05, 0.00,120
95/07/31,529000,5917100,11.15,11.3,11.05,11.15,+0.10,123
95/08/01,396000,4450650,11.1,11.4,11.05,11.2,+0.05,123
95/08/02,260961,2899121,11.2,11.2,11.05,11.15,-0.05,83
95/08/03,544013,6060994,11.15,11.25,11.05,11.15, 0.00,150
95/08/04,469000,5240500,11.25,11.3,11.1,11.15, 0.00,117
95/08/07,315658,3501270,11.15,11.15,11.05,11.05,-0.10,78
95/08/08,303000,3352600,11.15,11.2,11.0,11.05, 0.00,72
95/08/09,2886528,33399478,11.05,11.8,11.0,11.8,+0.75,568
95/08/10,1439329,16976182,11.8,12.0,11.65,11.8, 0.00,401
95/08/11,1768104,21434684,12.0,12.45,11.85,12.0,+0.20,470
95/08/14,715136,8570603,12.05,12.3,11.8,11.8,-0.20,204
95/08/15,401340,4734430,12.0,12.1,11.55,11.85,+0.05,132
95/08/16,566646,6713161,12.0,12.15,11.65,11.65,-0.20,174
95/08/17,1177088,13480439,11.85,11.85,11.3,11.35,-0.30,338
95/08/18,430215,4888458,11.4,11.5,11.3,11.35, 0.00,139
95/08/21,873000,9595300,11.35,11.4,10.75,10.85,-0.50,236
95/08/22,508107,5536955,10.85,11.0,10.8,10.95,+0.10,118
95/08/23,330280,3613902,11.1,11.15,10.7,11.0,+0.05,105
95/08/24,314000,3461700,10.95,11.15,10.95,11.1,+0.10,87
95/08/25,1193204,13583913,11.1,11.75,11.1,11.2,+0.10,326
95/08/28,980308,10797188,11.0,11.2,10.9,11.0,-0.20,169
95/08/29,1026646,11567419,11.0,11.35,11.0,11.2,+0.20,141
95/08/30,2162424,25571716,11.3,11.95,11.3,11.95,+0.75,322
95/08/31,3223305,41097134,12.75,12.75,12.75,12.75,+0.80,449
95/09/01,11668583,156726473,13.4,13.6,13.1,13.6,+0.85,1910
95/09/04,2874551,41824710,14.55,14.55,14.55,14.55,+0.95,417
95/09/05,2194650,34126798,15.55,15.55,15.55,15.55,+1.00,488
95/09/06,34153160,548567553,15.55,16.6,15.4,16.55,+1.00,5897
95/09/07,22512837,384890237,16.4,17.7,16.25,17.7,+1.15,4650
95/09/08,21209631,373410510,17.9,18.2,16.7,17.1,-0.60,4562
95/09/11,10784789,195387143,16.9,18.25,16.9,18.25,+1.15,1710
95/09/12,17911647,343872369,19.5,19.5,18.5,19.05,+0.80,3373
95/09/13,9521922,178983629,19.45,19.45,18.0,18.9,-0.15,1950
95/09/14,7778984,143511712,19.0,19.0,18.05,18.15,-0.75,1346
95/09/15,13841765,262135530,17.9,19.4,17.9,19.4,+1.25,2480
95/09/18,22281455,451993601,20.2,20.75,19.8,20.75,+1.35,4233
95/09/19,14504825,303592456,20.75,21.4,20.4,20.6,-0.15,3422
95/09/20,6842070,135688955,20.05,20.4,19.4,19.65,-0.95,2072
95/09/21,8160997,163094285,19.75,20.4,19.5,19.9,+0.25,2154
95/09/22,6563872,133740787,19.7,20.75,19.7,20.45,+0.55,1910
95/09/25,5424941,111138352,20.85,20.95,20.15,20.25,-0.20,1561
95/09/26,8280730,160432908,20.4,20.4,18.85,18.85,-1.40,1582
95/09/27,8563560,159072765,18.85,18.9,18.05,18.85, 0.00,2182
95/09/28,4842811,87832134,18.8,18.85,17.65,18.0,-0.85,1318
95/09/29,10871280,207287322,18.1,19.25,18.1,18.85,+0.85,2548
95/10/02,10237283,199103071,18.95,19.9,18.9,19.75,+0.90,2471
95/10/03,15032186,310875788,19.75,21.1,19.75,21.1,+1.35,3426
95/10/04,8015905,178626335,21.5,22.55,21.5,22.55,+1.45,2163
95/10/05,9116635,218181881,24.1,24.1,23.3,24.1,+1.55,2071
95/10/11,11359646,286011423,25.6,25.75,24.3,25.1,+1.00,3215
95/10/12,5687000,134408600,25.2,25.2,23.35,23.35,-1.75,1629
95/10/13,6613330,159355362,23.35,24.95,22.6,24.95,+1.60,1841
95/10/14,8469193,212811623,25.45,26.0,23.6,24.8,-0.15,2421
95/10/16,9436778,226605558,24.8,25.1,23.2,23.6,X0.00,2383
95/10/17,9431386,231125214,23.5,25.0,23.5,24.25,+0.65,2370
95/10/18,4950759,113676087,23.5,23.6,22.65,22.85,-1.40,1575
95/10/19,5565921,128474425,22.5,23.4,22.5,23.2,+0.35,1349
95/10/20,3356808,78463800,23.65,23.7,23.0,23.3,+0.10,1191
95/10/23,4768220,113394287,23.5,24.2,23.2,23.8,+0.50,1331
95/10/24,3857000,91100448,24.0,24.2,22.8,22.8,-1.00,1135
95/10/25,2423066,55775542,22.8,23.7,22.8,22.8, 0.00,872
95/10/26,3152321,73894483,23.1,23.85,23.0,23.2,+0.40,1064
95/10/27,6362803,152916022,23.6,24.4,23.5,24.0,+0.80,2193
95/10/30,3685476,87582515,24.0,24.2,23.3,23.4,-0.60,1043
95/10/31,5767505,137766558,23.8,24.4,23.3,23.3,-0.10,1665
95/11/01,4154418,95719126,23.3,23.7,22.8,23.0,-0.30,1362
95/11/02,2613151,59802510,22.7,23.25,22.6,22.65,-0.35,843
95/11/03,3042300,69938841,22.2,23.5,22.2,22.7,+0.05,960
95/11/06,2029033,44920820,21.7,22.5,21.7,22.1,-0.60,721
95/11/07,4681994,105919709,22.35,23.3,21.9,23.1,+1.00,1395
95/11/08,8813931,214162284,23.05,24.7,23.05,24.7,+1.60,2326
95/11/09,16794209,434440707,25.5,26.4,24.9,26.3,+1.60,4281
95/11/10,10130386,269088583,26.4,27.4,26.0,26.05,-0.25,3115
95/11/13,7441816,199311839,26.05,27.4,26.05,26.3,+0.25,2506
95/11/14,7215727,200464016,27.0,28.1,26.7,28.1,+1.80,1709
95/11/15,15543680,448867960,29.0,30.05,27.9,27.9,-0.20,4804
95/11/16,7616553,211533076,27.9,28.55,27.25,27.35,-0.55,2393
95/11/17,14525354,422452788,28.0,29.25,27.6,29.25,+1.90,3288
95/11/20,15647448,473742984,29.25,31.25,29.0,31.0,+1.75,4665
95/11/21,8862081,278662910,31.2,31.9,30.6,31.4,+0.40,3253
95/11/22,9374805,294676056,31.4,32.5,30.1,30.3,-1.10,3171
95/11/23,7912970,236725513,30.3,30.95,29.1,29.1,-1.20,2663
95/11/24,4757819,138789449,29.1,29.5,28.5,29.35,+0.25,1792
95/11/27,4892297,143294949,29.8,29.85,28.8,28.9,-0.45,1718
95/11/28,7089725,210250022,28.5,30.3,28.4,29.5,+0.60,2312
95/11/29,4327042,126672446,30.0,30.2,28.8,29.1,-0.40,1498
95/11/30,4650691,134701921,29.3,29.45,28.7,28.7,-0.40,1511
95/12/01,5402056,156892440,28.8,29.5,28.3,28.7, 0.00,1794
95/12/04,3282070,92347843,28.7,29.0,27.7,28.0,-0.70,1194
95/12/05,5817286,165929966,28.3,29.0,27.9,28.75,+0.75,1973
95/12/06,8346304,245855388,29.4,29.8,28.8,29.45,+0.70,2546
95/12/07,4349055,125938910,29.95,29.95,28.4,28.4,-1.05,1552
95/12/08,3849337,108703779,28.4,28.9,28.0,28.0,-0.40,1266
95/12/11,11103149,326066578,27.9,29.95,27.5,29.8,+1.80,3423
95/12/12,6749005,200006391,29.95,30.9,28.7,28.7,-1.10,2145
95/12/13,4417462,127632601,29.1,29.5,28.5,28.8,+0.10,1576
95/12/14,9051707,269089415,29.2,30.45,28.5,29.4,+0.60,2911
95/12/15,6602658,196174626,30.0,30.3,28.7,29.0,-0.40,2343
95/12/18,3928138,113971918,29.35,29.45,28.75,28.9,-0.10,1421
95/12/19,5613933,165678683,29.0,29.9,29.0,29.3,+0.40,1846
95/12/20,13976950,412477629,29.4,30.65,28.05,28.5,-0.80,4264
95/12/21,5652118,160915280,28.5,29.1,28.15,28.25,-0.25,2037
95/12/22,11703102,313589815,28.3,28.5,26.3,26.8,-1.45,3993
95/12/25,4690164,126854556,26.6,27.5,26.55,26.9,+0.10,1741
95/12/26,4979250,133670356,27.1,27.35,26.25,26.25,-0.65,1776
95/12/27,5776485,154558451,26.3,27.1,26.3,26.65,+0.40,2003
95/12/28,3859740,103127971,26.9,27.2,26.3,26.35,-0.30,1385
95/12/29,6609520,169086932,26.4,26.75,24.75,25.6,-0.75,2489
96/01/02,7722396,189280004,25.7,25.75,23.9,24.0,-1.60,2995
96/01/03,7807633,193097284,24.0,25.3,24.0,24.6,+0.60,2890
96/01/04,6464854,159382189,24.9,25.4,24.05,24.35,-0.25,2227
96/01/05,5350859,126801036,24.5,24.6,23.3,23.5,-0.85,1988
96/01/08,4574641,108521195,23.5,24.3,23.3,23.5, 0.00,1658
96/01/09,2668872,63429145,23.8,24.0,23.6,23.7,+0.20,998
96/01/10,9637937,235800657,24.0,24.8,23.9,24.4,+0.70,3420
96/01/11,8638115,213186034,25.0,25.35,23.7,23.8,-0.60,2861
96/01/12,4485537,109399004,24.4,24.8,24.0,24.3,+0.50,1401
96/01/15,4402517,107693135,24.6,24.85,24.0,24.6,+0.30,1460
96/01/16,4521150,109403950,24.6,24.85,23.85,24.0,-0.60,1186
96/01/17,2390740,57864283,24.15,24.5,23.95,24.05,+0.05,840
96/01/18,3921000,95608200,24.15,24.7,24.15,24.4,+0.35,1206
96/01/19,4070368,97487703,24.3,24.4,23.6,23.7,-0.70,1404
96/01/22,3363786,80689674,23.7,24.3,23.5,23.85,+0.15,1084
96/01/23,2846946,67603165,24.0,24.15,23.5,23.55,-0.30,941
96/01/24,8948997,220978170,23.6,25.15,23.6,25.15,+1.60,2475
96/01/25,16547917,427809254,25.9,26.5,25.1,25.2,+0.05,4862
96/01/26,4512732,114838225,25.2,25.8,25.1,25.45,+0.25,1479
96/01/29,4404247,108491769,25.8,25.8,24.1,24.15,-1.30,1680
96/01/30,2310215,55028161,24.2,24.2,23.55,23.85,-0.30,874
96/01/31,5456243,121849543,23.0,23.35,22.2,22.2,-1.65,1864
96/02/01,5902095,124377165,21.45,22.1,20.7,20.9,-1.30,1985
96/02/02,3374088,71029348,21.0,21.3,20.7,21.15,+0.25,1246
96/02/05,2832208,57807660,21.15,21.25,19.9,19.95,-1.20,1125
96/02/06,6109379,121195567,20.0,20.5,19.3,20.5,+0.55,1825
96/02/07,9726028,210143258,20.6,21.9,20.6,21.9,+1.40,3186
96/02/08,4802521,104647447,22.0,22.4,21.5,21.5,-0.40,1570
96/02/09,2503997,54143133,21.5,21.9,21.35,21.35,-0.15,873
96/02/12,1668440,35268340,21.1,21.35,21.0,21.0,-0.35,582
96/02/13,965584,20431000,21.2,21.4,21.0,21.05,+0.05,402
96/02/14,2533690,54562167,21.5,21.8,21.1,21.6,+0.55,880
96/02/26,2036161,44342245,22.3,22.4,21.4,21.4,-0.20,626
96/02/27,2035053,44012687,21.8,21.85,21.3,21.6,+0.20,903
96/03/01,3351000,72776200,21.0,22.6,20.6,22.4,+0.80,1283
96/03/02,6634708,157282703,22.8,23.95,22.8,23.95,+1.55,1761
96/03/03,18437525,454930785,23.95,25.5,23.9,24.6,+0.65,5378
96/03/05,10703867,265298629,24.9,25.6,23.2,24.2,-0.40,3692
96/03/06,10306423,257090447,25.0,25.35,23.8,24.85,+0.65,3473
96/03/07,8113543,202510468,25.0,25.5,24.3,24.5,-0.35,2831
96/03/08,4915665,120601241,24.5,25.2,24.25,24.25,-0.25,1609
96/03/09,5018128,124110656,24.7,25.1,24.35,24.4,+0.15,1724
96/03/12,6739542,168740439,24.7,25.4,24.6,25.0,+0.60,2084
96/03/13,7024373,178260059,25.5,25.75,25.05,25.05,+0.05,2247
96/03/14,3979258,97062692,24.5,24.8,24.1,24.1,-0.95,1362
96/03/15,5882973,150088248,24.8,25.75,24.5,25.75,+1.65,1720
96/03/16,14196211,371512630,26.0,26.8,25.4,25.9,+0.15,4703
96/03/19,5800495,149268846,26.0,26.2,25.2,25.2,-0.70,1794
96/03/20,4675836,117815296,25.55,25.7,24.7,24.7,-0.50,1548
96/03/21,2751480,68122000,25.0,25.1,24.55,25.0,+0.30,969
96/03/22,3379397,84337052,25.0,25.3,24.6,24.7,-0.30,1041
96/03/23,13761760,357015160,25.2,26.4,24.5,26.4,+1.70,4028
96/03/26,13542919,366609814,27.0,27.35,26.85,27.0,+0.60,4444
96/03/27,10471595,285318741,27.3,27.8,26.85,27.2,+0.20,3184
96/03/28,13779210,395295353,27.7,29.1,27.7,29.1,+1.90,3196
96/03/29,19195320,560093406,29.1,29.7,28.7,29.1, 0.00,5427
96/03/30,8790034,251778252,29.1,29.5,28.0,28.0,-1.10,2868
96/04/02,8150837,235231001,28.5,29.5,28.1,28.3,+0.30,2670
96/04/03,3800851,107562008,28.8,28.8,28.0,28.25,-0.05,1363
96/04/04,5915180,169677207,28.5,29.1,28.35,28.55,+0.30,1877
96/04/09,5456765,156992696,29.1,29.35,28.2,28.35,-0.20,1828
96/04/10,5257931,145314786,28.35,28.5,26.6,27.85,-0.50,1729
96/04/11,6579200,188546697,28.2,29.0,28.0,28.5,+0.65,2291
96/04/12,9092000,265847442,28.75,29.65,28.5,28.9,+0.40,3033
96/04/13,4829379,137185462,29.2,29.4,28.05,28.05,-0.85,1721
96/04/14,2851398,80180252,28.2,28.45,27.85,28.05, 0.00,1034
96/04/16,4718799,128600851,28.05,28.15,26.8,27.15,-0.90,1659
96/04/17,5126658,133941724,27.0,27.0,25.6,25.65,-1.50,1777
96/04/18,2740003,72665778,25.65,27.2,25.65,26.8,+1.15,1066
96/04/19,3889694,105667971,26.9,27.5,26.9,27.0,+0.20,1339
96/04/20,2902352,78566269,27.3,27.45,26.8,27.2,+0.20,860
96/04/23,2224221,60040522,27.2,27.6,26.75,27.0,-0.20,715
96/04/24,2667398,71942406,27.0,27.35,26.7,26.9,-0.10,834
96/04/25,2236093,60423142,26.9,27.3,26.9,26.95,+0.05,702
96/04/26,2498976,66137211,27.1,27.3,26.15,26.4,-0.55,941
96/04/27,2630049,69095974,26.15,26.7,26.05,26.1,-0.30,756
96/04/30,1545329,40099805,26.1,26.3,25.75,25.85,-0.25,535
96/05/02,1386000,35765050,25.9,26.3,25.2,25.2,-0.65,482
96/05/03,2070797,50403286,25.3,25.65,23.45,24.1,-1.10,816
96/05/04,2484378,62474731,24.2,25.75,24.1,25.75,+1.65,989
96/05/07,1558796,39804285,25.75,25.8,25.25,25.4,-0.35,590
96/05/08,1041267,26617452,25.4,25.8,25.25,25.3,-0.10,451
96/05/09,910184,22977950,25.3,25.55,25.0,25.0,-0.30,371
96/05/10,4078351,106763287,25.2,26.75,25.05,26.75,+1.75,1283
96/05/11,3584794,95730638,26.5,27.1,26.3,26.9,+0.15,1341
96/05/14,1475067,39189205,26.9,27.1,26.3,26.4,-0.50,516
96/05/15,1585242,42060575,26.4,26.9,26.35,26.5,+0.10,601
96/05/16,1086000,28734650,26.5,26.7,26.2,26.5, 0.00,425
96/05/17,1516759,39814782,26.7,26.75,25.8,25.95,-0.55,578
96/05/18,1272664,32941463,26.0,26.2,25.7,25.7,-0.25,463
96/05/21,1017487,26230386,26.1,26.15,25.35,25.9,+0.20,428
96/05/22,2476272,65655442,25.7,26.9,25.7,26.4,+0.50,944
96/05/23,1073881,28385277,26.75,26.75,26.2,26.3,-0.10,462
96/05/24,10726245,299184123,26.5,28.1,26.5,28.1,+1.80,2400
96/05/25,12993503,375648075,28.95,29.5,28.1,28.5,+0.40,3615
96/05/28,3402723,95922444,28.55,28.8,27.85,28.0,-0.50,1045
96/05/29,2999343,85157554,28.0,28.8,28.0,28.2,+0.20,1071
96/05/30,2093647,58803416,28.5,28.5,27.85,27.9,-0.30,755
96/05/31,17402451,514278655,28.5,29.85,28.3,29.85,+1.95,3840
96/06/01,12966261,386524591,30.1,30.2,29.2,29.4,-0.45,3105
96/06/04,5331247,157676521,29.4,30.1,29.15,29.6,+0.20,1568
96/06/05,5101570,151995078,29.6,30.45,29.05,29.05,-0.55,1660
96/06/06,5855782,168001437,29.45,29.8,27.5,27.95,-1.10,2088
96/06/07,3339463,94152327,27.75,28.8,27.7,28.4,+0.45,1078
96/06/08,2674077,75280702,28.2,28.6,27.7,28.0,-0.40,850
96/06/11,7468005,214861845,28.4,29.5,27.75,29.15,+1.15,2281
96/06/12,6922819,203873601,29.25,29.95,28.8,29.15, 0.00,2145
96/06/13,10223366,307137886,29.35,30.6,29.2,29.5,+0.35,3059
96/06/14,4970054,148362124,30.0,30.4,29.2,29.4,-0.10,1471
96/06/15,4199254,124440485,29.8,30.1,29.0,29.0,-0.40,1401
96/06/20,4568421,131836967,29.2,29.8,28.3,28.3,-0.70,1486
96/06/21,8631217,258646005,29.5,30.25,29.05,30.25,+1.95,2289
96/06/22,20787015,658042410,31.2,32.35,31.0,31.5,+1.25,5142
96/06/23,8074466,258896941,32.0,32.8,31.6,31.9,+0.40,2711
96/06/25,6096570,192435620,32.3,32.4,31.1,31.1,-0.80,2074
96/06/26,10008748,312936438,31.0,32.1,30.0,31.15,+0.05,3145
96/06/27,3623450,113716068,31.6,31.7,31.15,31.15, 0.00,1203
96/06/28,16273005,534126702,31.7,33.3,31.45,33.3,+2.15,3854
96/06/29,23578733,813145924,34.4,35.6,33.0,33.4,+0.10,6398
96/07/02,7092862,239601572,33.4,34.3,33.4,33.6,+0.20,2526
96/07/03,10815353,371228655,34.4,35.0,33.8,34.75,+1.15,3564
96/07/04,15331145,548732217,37.1,37.1,34.75,35.5,+0.75,4676
96/07/05,16055657,591518836,36.5,37.9,35.5,37.9,+2.40,4846
96/07/06,10742424,407639218,38.5,38.5,37.2,38.0,+0.10,3676
96/07/09,9535596,369312400,38.6,39.3,37.6,38.0, 0.00,2966
96/07/10,9016406,342876668,38.5,38.85,37.0,37.6,-0.40,2726
96/07/11,10271362,396448711,38.1,39.5,37.7,38.05,+0.45,3521
96/07/12,9715390,370001920,38.7,39.15,37.0,38.05, 0.00,3167
96/07/13,12285029,462804267,38.1,38.4,36.6,37.05,-1.00,3505
96/07/16,6634615,241909778,37.05,37.75,35.5,35.5,-1.55,2427
96/07/17,4413378,157008576,35.4,36.3,34.7,35.95,+0.45,1591
96/07/18,8355986,313244528,36.2,38.15,36.1,37.25,+1.30,2957
96/07/19,6385635,242752410,38.0,38.5,37.5,37.5,+0.25,2112
96/07/20,13383237,518743508,38.0,39.6,37.7,38.9,+1.40,4097
96/07/23,9073282,348252259,38.1,38.9,38.0,38.6,-0.30,2749
96/07/24,17124314,694643760,39.3,41.3,38.9,40.0,+1.40,4414
96/07/25,14124113,576247820,40.0,42.0,39.5,40.2,+0.20,3995
96/07/26,10169089,405856284,41.0,41.6,38.0,38.3,-1.90,3216
96/07/27,5398298,201046809,36.0,38.3,36.0,36.65,-1.65,1838
96/07/30,4967571,187623973,37.4,38.5,36.7,38.0,+1.35,1699
96/07/31,3997142,154747363,38.5,39.2,38.0,38.5,+0.50,1394
96/08/01,3834079,146694756,38.5,39.0,37.2,37.65,-0.85,1300
96/08/02,10745527,405709999,38.0,38.65,35.5,37.0,-0.65,2142
96/08/03,4071891,153946210,37.8,38.3,37.2,37.5,+0.50,1151
96/08/06,12738675,507028055,40.1,40.1,38.5,39.65,+2.15,3480
96/08/07,6153047,239456015,40.4,40.4,37.5,37.5,-2.15,2116
96/08/08,3518928,132790608,37.85,38.4,37.5,37.5, 0.00,1529
96/08/09,3601154,136250868,38.0,38.3,37.5,38.0,+0.50,1155
96/08/10,13307160,519255055,38.0,40.3,38.0,39.0,+1.00,4091
96/08/13,4246875,166151150,40.0,40.0,38.0,38.0,-1.00,1586
96/08/14,2872252,108183709,38.2,38.4,37.15,37.35,-0.65,1179
96/08/15,3862713,137518673,37.35,37.6,34.75,34.75,-2.60,1401
96/08/16,2140107,69458510,32.35,33.9,32.35,32.35,-2.40,682
96/08/17,4616429,139418199,30.1,31.45,30.1,30.1,-2.25,1324
96/08/20,7665936,226829602,31.0,31.0,28.5,28.85,-1.25,2647
96/08/21,6000908,162044028,28.0,28.4,26.85,26.85,-2.00,1978
96/08/22,5647653,142740385,26.1,26.5,25.0,25.6,-1.25,1793
96/08/23,4974113,131698833,26.0,27.25,25.8,27.0,+1.40,1781
96/08/24,3303107,88288435,27.0,27.2,26.3,26.5,-0.50,1201
96/08/27,2623576,70455321,27.5,27.5,26.5,26.6,+0.10,1007
96/08/28,2887094,77720228,26.7,27.45,26.5,26.7,+0.10,1072
96/08/29,4105000,102632450,25.05,25.8,24.85,25.1,-1.60,1308
96/08/30,3789320,95702106,26.1,26.1,24.85,24.85,-0.25,1448
96/08/31,6283584,147930413,24.85,25.1,23.15,23.35,-1.50,2169
96/09/03,4289525,102327597,23.5,24.95,22.0,24.95,+1.60,1697
96/09/04,3631410,88929250,25.45,25.45,23.7,24.0,-0.95,1354
96/09/05,2416602,58381548,24.1,24.45,24.0,24.0, 0.00,832
96/09/06,3607057,85164118,23.6,24.0,23.35,24.0, 0.00,1112
96/09/07,4831627,110773799,22.5,23.4,22.4,22.9,X0.00,1627
96/09/10,1970356,43882921,22.3,22.7,22.0,22.1,-0.80,842
96/09/11,3051907,69406329,22.2,23.1,22.1,22.75,+0.65,1129
96/09/12,3559001,83087523,23.0,23.8,23.0,23.1,+0.35,1298
96/09/13,1918101,44273980,23.3,23.6,22.6,22.7,-0.40,738
96/09/14,1580461,36105209,23.0,23.2,22.6,22.7, 0.00,569
96/09/17,1034000,23423050,22.9,22.9,22.5,22.5,-0.20,367
96/09/19,4110284,87371614,22.75,22.9,20.95,20.95,-1.55,1353
96/09/20,4145100,82362840,20.8,20.9,19.5,19.5,-1.45,1436
96/09/21,4505000,85284200,18.6,19.85,18.3,19.85,+0.35,1644
96/09/26,3856012,79154454,19.95,20.95,19.5,20.8,+0.95,1428
96/09/27,2813538,61819920,21.5,22.25,21.5,22.25,+1.45,893
96/09/28,8322305,195706816,23.8,23.8,23.2,23.5,+1.25,2658
96/09/29,3244898,74759731,23.5,23.5,22.7,23.2,-0.30,1235
96/10/01,2538284,58183332,23.6,23.6,22.2,23.0,-0.20,929
96/10/02,6294309,148850979,23.4,24.35,22.8,23.4,+0.40,2265
96/10/03,2096452,48517496,23.7,23.7,23.0,23.0,-0.40,862
96/10/04,3065141,71729506,23.0,23.8,23.0,23.0, 0.00,1267
96/10/05,2193829,49883434,23.1,23.3,22.4,22.55,-0.45,934
96/10/08,4866614,104501053,22.85,22.95,21.0,21.1,-1.45,1815
96/10/09,2853502,58251242,20.8,20.95,20.0,20.6,-0.50,1059
96/10/11,2179950,45671689,20.6,21.25,20.5,21.0,+0.40,852
96/10/12,1002274,20798745,21.0,21.3,20.55,20.6,-0.40,441
96/10/15,1101725,22736776,21.0,21.1,20.3,20.5,-0.10,406
96/10/16,1694731,35442776,20.3,21.4,20.3,20.9,+0.40,696
96/10/17,1147878,23852286,20.8,21.2,20.55,20.55,-0.35,433
96/10/18,2683385,56639548,20.9,21.4,20.6,21.4,+0.85,1042
96/10/19,1317519,27868258,21.4,21.4,20.95,21.0,-0.40,463
96/10/22,1717184,34616614,20.0,20.5,20.0,20.1,-0.90,609
96/10/23,868538,17625266,20.1,20.5,20.1,20.3,+0.20,344
96/10/24,1419400,28877579,20.5,20.7,20.1,20.1,-0.20,553
96/10/25,1654146,33095109,20.2,20.55,19.5,19.6,-0.50,680
96/10/26,2197021,42066502,19.6,19.65,19.0,19.35,-0.25,949
96/10/29,1707633,32609507,19.55,19.6,18.9,18.95,-0.40,722
96/10/30,2349488,45553817,19.1,19.65,19.1,19.1,+0.15,900
96/10/31,3231891,64750226,19.3,20.4,19.3,20.4,+1.30,1076
96/11/01,3099494,62775754,21.2,21.2,19.6,19.6,-0.80,1072
96/11/02,1487899,28818683,19.4,19.6,19.05,19.3,-0.30,537
96/11/05,1139998,21950656,19.2,19.5,19.05,19.1,-0.20,458
96/11/06,1076205,20746854,19.1,19.45,19.0,19.35,+0.25,515
96/11/07,1182878,23102222,19.5,19.9,19.2,19.25,-0.10,620
96/11/08,2012730,36625925,19.0,19.0,17.95,17.95,-1.30,789
96/11/09,3417039,57621187,17.5,18.0,16.7,16.7,-1.25,1039
96/11/12,2108794,33366629,16.4,16.5,15.55,15.6,-1.10,785
96/11/13,2002442,32155574,15.5,16.5,15.5,16.0,+0.40,793
96/11/14,1807517,30366638,16.8,17.1,16.5,16.85,+0.85,682
96/11/15,1057317,17721240,16.9,17.05,16.5,16.9,+0.05,399
96/11/16,1602577,25592889,15.8,16.25,15.75,16.2,-0.70,573
96/11/19,1650869,27587840,16.3,17.05,16.3,16.75,+0.55,662
96/11/20,1128963,18632421,16.0,17.0,16.0,16.8,+0.05,415
96/11/21,1697328,28930449,17.0,17.4,16.6,16.6,-0.20,623
96/11/22,771355,12854608,16.25,16.9,16.25,16.8,+0.20,337
96/11/23,938777,15333497,16.8,16.8,16.05,16.1,-0.70,358
96/11/26,790045,12788215,16.3,16.5,16.05,16.1, 0.00,286
96/11/27,1391021,21214015,16.0,16.0,15.0,15.0,-1.10,515
96/11/28,2790748,39742771,15.0,15.3,13.95,13.95,-1.05,924
96/11/29,3422185,50507913,14.5,14.9,14.2,14.9,+0.95,1078
96/11/30,3499972,54444694,15.1,15.9,15.0,15.9,+1.00,1198
96/12/03,1867432,30407684,16.3,16.45,16.0,16.4,+0.50,738
96/12/04,1685913,27049740,16.3,16.3,15.8,16.1,-0.30,584
96/12/05,1324261,22673779,16.9,17.2,16.6,17.2,+1.10,465
96/12/06,5851808,104102592,18.4,18.4,17.0,17.0,-0.20,1947
96/12/07,2611102,45493719,17.25,17.75,17.05,17.5,+0.50,1009
96/12/10,1478803,24968714,17.0,17.2,16.65,16.65,-0.85,582
96/12/11,1216433,20633627,16.8,17.25,16.65,16.95,+0.30,524
96/12/12,1057414,17461120,16.3,16.65,16.2,16.6,-0.35,386
96/12/13,1347140,21441919,16.7,16.7,15.45,15.45,-1.15,561
96/12/14,1756695,26922275,15.3,15.95,14.5,15.4,-0.05,690
96/12/17,1802174,26703139,15.2,15.3,14.35,14.35,-1.05,536
96/12/18,2480645,34237197,13.35,14.4,13.35,13.8,-0.55,754
96/12/19,1285310,18496850,14.2,14.7,14.0,14.55,+0.75,487
96/12/20,1400091,20591341,14.75,15.1,14.15,14.2,-0.35,564
96/12/21,1371045,19175237,13.8,14.35,13.55,14.15,-0.05,456
96/12/24,1156766,16712551,14.45,14.7,14.25,14.55,+0.40,443
96/12/25,854037,12353124,14.75,14.8,14.3,14.35,-0.20,332
96/12/26,861045,12371057,14.35,14.6,14.05,14.6,+0.25,359
96/12/27,2741757,42265347,14.6,15.6,14.6,15.6,+1.00,886
96/12/28,3093002,49714672,15.4,16.65,15.2,16.65,+1.05,1004
96/12/31,1508185,24812745,16.6,16.7,16.2,16.6,-0.05,605
97/01/02,2398880,40743691,16.5,17.5,16.3,16.8,+0.20,887
97/01/03,1308862,21834467,16.2,17.0,16.2,16.85,+0.05,531
97/01/04,1262400,20810875,16.75,16.8,16.2,16.2,-0.65,482
97/01/07,1096220,16681664,15.2,15.6,15.1,15.1,-1.10,445
97/01/08,834903,12559771,15.1,15.4,14.7,14.7,-0.40,336
97/01/09,1893140,28734243,14.35,15.7,14.25,15.7,+1.00,695
97/01/10,2065755,33213825,15.8,16.45,15.8,15.8,+0.10,717
97/01/11,1047739,16849391,16.0,16.4,15.8,15.9,+0.10,415
97/01/14,894092,14105583,16.0,16.4,15.5,15.6,-0.30,368
97/01/15,1656211,26923471,16.3,16.5,16.0,16.15,+0.55,610
97/01/16,1111327,17240681,15.5,15.8,15.2,15.2,-0.95,482
97/01/17,3528091,56856818,15.75,16.25,15.75,16.25,+1.05,1148
97/01/18,7567700,129294529,16.25,17.35,16.25,17.35,+1.10,2423
97/01/21,7856032,142131524,17.5,18.55,17.5,18.55,+1.20,2337
97/01/22,6248407,110421751,17.3,18.55,17.3,17.6,-0.95,2003
97/01/23,9807357,178239106,18.7,18.7,17.4,18.0,+0.40,3051
97/01/24,14001826,262608119,19.15,19.25,17.5,18.0, 0.00,4060
97/01/25,6736332,115449970,17.85,17.9,16.75,17.4,-0.60,2161
97/01/28,3261076,54506951,16.6,17.1,16.5,16.5,-0.90,1015
97/01/29,3455612,55685006,16.8,16.9,15.5,16.0,-0.50,1201
97/01/30,5360366,90300009,16.0,17.1,15.7,16.95,+0.95,1757
97/01/31,5526808,95550005,17.15,17.65,16.9,17.55,+0.60,1807
97/02/01,4484546,76766932,17.65,17.9,16.8,16.9,-0.65,1376
97/02/12,2389715,37927847,16.0,16.5,15.75,15.75,-1.15,886
97/02/13,2101605,32138864,15.75,15.9,15.0,15.05,-0.70,900
97/02/14,2325592,36732249,15.7,16.1,15.35,15.85,+0.80,843
97/02/15,2197904,34012250,15.2,16.0,15.15,15.55,-0.30,923
97/02/18,2579373,40617132,15.35,16.15,15.35,15.65,+0.10,906
97/02/19,2488080,40256610,15.8,16.4,15.8,16.4,+0.75,983
97/02/20,7765436,133668012,16.7,17.5,16.45,17.0,+0.60,2361
97/02/21,7128946,124350068,17.5,17.7,17.1,17.2,+0.20,1882
97/02/22,3643684,59455744,16.2,16.5,16.1,16.5,-0.70,1284
97/02/25,4953890,82629027,16.6,17.2,16.3,17.05,+0.55,1686
97/02/26,9715134,173524833,17.3,18.2,17.0,17.95,+0.90,2796
97/02/27,8102991,147673286,18.2,18.6,17.8,17.8,-0.15,2094
97/02/29,5434431,99148337,17.8,18.55,17.7,18.3,+0.50,1705
97/03/03,4182156,71857465,17.8,17.8,17.05,17.05,-1.25,1366
97/03/04,3683927,64209215,17.25,17.65,17.2,17.6,+0.55,1269
97/03/05,2513790,43699883,17.6,17.7,17.1,17.2,-0.40,888
97/03/06,6814609,122882409,17.3,18.4,17.3,18.05,+0.85,1944
97/03/07,5952422,108289576,18.0,18.85,17.5,17.8,-0.25,1781
97/03/10,2945397,52750452,17.8,18.3,17.55,17.65,-0.15,936
97/03/11,1483229,25897606,17.5,17.7,17.25,17.5,-0.15,590
97/03/12,2229432,39641905,18.0,18.15,17.4,17.6,+0.10,809
97/03/13,2423212,42672533,17.6,17.95,17.05,17.05,-0.55,804
97/03/14,1813708,30859062,17.1,17.35,16.7,16.75,-0.30,694
97/03/17,3248350,51074258,16.2,16.45,15.6,15.6,-1.15,1165
97/03/18,1493551,23490116,15.6,16.0,15.5,16.0,+0.40,618
97/03/19,1414385,22919939,16.5,16.5,15.7,15.7,-0.30,580
97/03/20,1470661,23302876,15.7,16.1,15.6,15.95,+0.25,567
97/03/21,1699358,27334838,16.1,16.3,15.9,15.9,-0.05,605
97/03/24,3911369,62705649,16.3,16.6,15.7,15.8,-0.10,1214
97/03/25,3405029,55036412,15.8,16.35,15.7,16.25,+0.45,1061
97/03/26,3118112,50931644,16.3,16.55,16.0,16.1,-0.15,894
97/03/27,1894722,29817812,15.8,16.0,15.5,15.55,-0.55,702
97/03/28,1943197,30529126,15.5,15.95,15.4,15.65,+0.10,688
97/03/31,4520098,74549526,15.8,16.7,15.8,16.7,+1.05,1420
97/04/01,7335242,125846522,17.0,17.5,16.7,16.95,+0.25,2176
97/04/02,6891745,121104031,17.5,18.1,17.1,17.6,+0.65,2015
97/04/03,6162639,111243933,18.0,18.45,17.6,17.6, 0.00,1862
97/04/07,3101868,54024174,17.7,17.8,17.2,17.7,+0.10,1136
97/04/08,1066245,18386845,17.1,17.6,17.1,17.15,-0.55,439
97/04/09,2020447,34175769,17.15,17.4,16.65,16.75,-0.40,775
97/04/10,1525124,26310358,16.8,17.5,16.8,17.1,+0.35,625
97/04/11,3213425,55992962,17.5,17.7,17.1,17.1, 0.00,985
97/04/14,1555997,26347946,16.8,17.25,16.7,16.9,-0.20,562
97/04/15,2522125,43706050,17.15,17.6,16.9,17.35,+0.45,915
97/04/16,2182438,37510431,17.45,17.5,17.05,17.15,-0.20,759
97/04/17,4933827,87027770,17.65,17.9,17.3,17.3,+0.15,1504
97/04/18,1706951,29708092,17.5,17.55,17.25,17.4,+0.10,589
97/04/21,2644133,46803931,17.7,17.85,17.5,17.65,+0.25,941
97/04/22,4485227,80499837,17.9,18.15,17.7,17.8,+0.15,1384
97/04/23,10254543,192088467,18.5,19.0,18.2,19.0,+1.20,2514
97/04/24,8242691,153721257,19.0,19.0,18.3,18.4,-0.60,2285
97/04/25,15122966,295387152,18.65,19.65,18.6,19.65,+1.25,3870
97/04/28,6336485,121849033,19.65,19.65,18.9,19.0,-0.65,2110
97/04/29,3357483,64448598,19.0,19.55,18.8,19.05,+0.05,1123
97/04/30,6159668,111214354,19.1,19.2,17.75,17.75,-1.30,1832
97/05/02,4437152,76501494,17.2,17.75,16.9,17.2,-0.55,1368
97/05/05,1713639,29729979,17.2,17.65,17.2,17.35,+0.15,679
97/05/06,3538723,63810681,17.5,18.3,17.5,18.0,+0.65,1262
97/05/07,7859042,150435073,18.8,19.25,18.6,18.8,+0.80,1973
97/05/08,4715579,88075774,18.05,19.1,18.05,18.8, 0.00,1551
97/05/09,2718082,49854126,19.0,19.05,18.05,18.1,-0.70,911
97/05/12,1359403,24667497,18.1,18.4,17.8,18.35,+0.25,521
97/05/13,1480838,27280089,18.35,18.6,18.3,18.35, 0.00,590
97/05/14,3675202,69425218,18.35,19.2,18.35,18.7,+0.35,1158
97/05/15,2215084,41458297,19.1,19.1,18.5,18.5,-0.20,797
97/05/16,4719153,89694341,18.7,19.25,18.65,18.75,+0.25,1687
97/05/19,1435167,26632238,18.9,18.9,18.4,18.55,-0.20,583
97/05/20,3151339,59694429,18.9,19.3,18.65,18.65,+0.10,1078
97/05/21,1668062,31206244,18.6,18.95,18.5,18.6,-0.05,640
97/05/22,2511306,44797979,18.5,18.6,17.3,17.75,-0.85,943
97/05/23,1665951,29483998,17.85,18.0,17.35,17.35,-0.40,670
97/05/26,1796789,30536654,17.0,17.35,16.8,16.8,-0.55,613
97/05/27,1119935,18981798,16.8,17.15,16.8,17.0,+0.20,427
97/05/28,1025825,17470275,17.3,17.35,16.8,16.8,-0.20,352
97/05/29,877283,14806772,16.9,17.3,16.6,16.8, 0.00,339
97/05/30,1187982,19396512,16.8,17.05,15.8,16.0,-0.80,434
97/06/02,1994500,33515323,16.0,17.1,16.0,16.85,+0.85,816
97/06/03,1368994,22805000,16.75,16.95,16.5,16.5,-0.35,516
97/06/04,2845948,47540675,16.8,17.15,16.35,16.65,+0.15,1010
97/06/05,1587872,26702684,16.95,17.0,16.6,17.0,+0.35,588
97/06/06,1089769,18433598,17.1,17.2,16.75,16.75,-0.25,443
97/06/09,713001,11641216,16.1,16.7,16.1,16.5,-0.25,309
97/06/10,1647110,27348832,16.6,17.0,16.1,16.1,-0.40,518
97/06/11,1130717,18129406,16.1,16.35,15.7,15.8,-0.30,462
97/06/12,1940679,28843430,15.1,15.5,14.7,14.7,-1.10,600
97/06/13,2759046,40724220,14.7,15.15,14.55,14.6,-0.10,1023
97/06/16,2025272,29030711,14.8,14.9,13.75,14.3,-0.30,873
97/06/17,1409715,19525914,14.3,14.3,13.65,13.8,-0.50,523
97/06/18,1665871,23149894,13.8,14.15,13.8,14.05,+0.25,602
97/06/19,695723,9578125,13.8,13.9,13.7,13.7,-0.35,283
97/06/20,1216715,16618787,13.8,13.95,13.3,13.3,-0.40,475
97/06/23,757880,9736712,12.9,13.0,12.7,12.9,-0.40,304
97/06/24,1074432,13625534,12.8,13.2,12.1,12.15,-0.75,394
97/06/25,1310211,15660123,12.15,12.3,11.6,12.2,+0.05,544
97/06/26,639010,7849922,12.5,12.5,12.1,12.15,-0.05,310
97/06/27,1965518,22228150,11.3,11.45,11.3,11.3,-0.85,519
97/06/30,3456021,38802267,10.8,11.65,10.55,10.55,-0.75,835
97/07/01,1608080,16085723,10.5,10.55,9.82,9.82,-0.73,575
97/07/02,2703210,26439300,9.15,10.2,9.14,10.15,+0.33,904
97/07/03,2230830,23209581,10.15,10.85,9.8,10.85,+0.70,736
97/07/04,4802780,54850236,11.6,11.6,11.05,11.1,+0.25,1277
97/07/07,1993706,21878406,11.1,11.35,10.6,11.25,+0.15,557
97/07/08,1961304,21068891,11.2,11.25,10.5,10.5,-0.75,523
97/07/09,1766519,18948419,10.7,10.95,10.5,10.5, 0.00,603
97/07/10,1618394,17361612,10.9,10.9,10.55,10.7,+0.20,506
97/07/11,1774797,19498084,10.8,11.25,10.8,11.15,+0.45,590
97/07/14,1138929,12495397,10.9,11.25,10.7,10.7,-0.45,352
97/07/15,1253755,12897700,10.7,10.7,10.0,10.1,-0.60,411
97/07/16,1504609,14835893,10.1,10.3,9.42,9.42,-0.68,455
97/07/17,2149517,21256420,9.5,10.05,9.5,10.05,+0.63,597
97/07/18,2453351,24167390,10.3,10.45,9.39,9.52,-0.53,725
97/07/21,2160393,21696466,10.15,10.15,9.79,10.0,+0.48,603
97/07/22,1378182,13811185,9.8,10.4,9.75,10.2,+0.20,488
97/07/23,9180432,94503577,10.35,10.85,9.95,10.35,+0.15,2234
97/07/24,2429240,23397030,9.63,9.7,9.63,9.63,-0.72,643
97/07/25,2314340,20736482,8.96,8.96,8.96,8.96,-0.67,523
97/07/29,6842915,62808845,8.91,9.49,8.91,9.08,+0.12,1649
97/07/30,4165179,37970781,9.3,9.33,8.87,9.01,-0.07,964
97/07/31,2486435,22849842,9.02,9.47,9.01,9.08,+0.07,848
97/08/01,2380715,20246450,9.0,9.0,8.45,8.45,-0.63,663
97/08/04,1556470,12600723,8.02,8.44,8.02,8.02,-0.43,468
97/08/05,4459588,36154474,8.02,8.25,7.9,8.08,+0.06,746
97/08/06,1546597,12697204,8.2,8.38,8.1,8.2,+0.12,449
97/08/07,3551541,30815732,8.32,8.77,8.21,8.64,+0.44,870
97/08/08,1749333,15379606,8.56,8.95,8.52,8.82,+0.18,563
97/08/11,2037195,18788762,9.08,9.41,9.0,9.25,+0.43,575
97/08/12,1156081,10546875,9.25,9.3,9.01,9.01,-0.24,403
97/08/13,1180169,10722516,9.0,9.3,8.86,9.2,+0.19,336
97/08/14,1274250,11741802,9.2,9.35,9.08,9.2, 0.00,346
97/08/15,3351399,31635220,9.3,9.77,9.2,9.2, 0.00,850
97/08/18,995440,9075270,9.3,9.39,8.92,9.0,-0.20,290
97/08/19,667000,5948100,8.9,9.1,8.75,8.9,-0.10,217
97/08/20,1528825,13805965,8.7,9.09,8.7,8.91,+0.01,322
97/08/21,860438,7521198,8.91,9.0,8.5,8.5,-0.41,314
97/08/22,813835,6890659,8.5,8.69,8.32,8.36,-0.14,278
97/08/25,389512,3275545,8.39,8.5,8.32,8.42,+0.06,151
97/08/26,395165,3254926,8.3,8.4,8.1,8.34,-0.08,123
97/08/27,745206,6327149,8.3,8.67,8.2,8.56,+0.22,222
97/08/28,371110,3163568,8.56,8.77,8.4,8.4,-0.16,151
97/08/29,771945,6585257,8.5,8.65,8.4,8.4, 0.00,201
97/09/01,771763,6289648,8.5,8.5,8.02,8.02,-0.38,234
97/09/02,1317708,10018899,8.02,8.02,7.46,7.46,-0.56,373
97/09/03,2055432,14301535,7.0,7.29,6.94,6.94,-0.52,305
97/09/04,1376301,8940644,6.47,6.78,6.46,6.46,-0.48,300
97/09/05,347643,2089332,6.01,6.01,6.01,6.01,-0.45,87
97/09/08,3431274,20198025,5.59,6.2,5.59,6.03,+0.02,829
97/09/09,875406,4979627,6.05,6.05,5.61,5.61,-0.42,213
97/09/10,2647838,14098144,5.22,5.55,5.22,5.45,-0.16,696
97/09/11,3446003,19655584,5.5,5.83,5.41,5.45, 0.00,930
97/09/12,2458764,13005984,5.66,5.68,5.07,5.44,-0.01,606
97/09/15,1018460,5206094,5.35,5.38,5.06,5.06,-0.38,247
97/09/16,227880,1073313,4.71,4.71,4.71,4.71,-0.35,69
97/09/17,1983418,8819911,4.39,4.71,4.39,4.39,-0.32,444
97/09/18,221394,905496,4.09,4.09,4.09,4.09,-0.30,65
97/09/19,2803508,11703883,3.9,4.37,3.9,4.3,+0.21,637
97/09/22,1081470,4927065,4.49,4.6,4.4,4.6,+0.30,301
97/09/23,1541647,7429019,4.45,4.92,4.45,4.92,+0.32,249
97/09/24,1145565,5995571,5.26,5.26,5.1,5.26,+0.34,275
97/09/25,2425272,13598455,5.62,5.62,5.49,5.62,+0.36,433
97/09/26,8187742,47669883,6.01,6.01,5.23,5.4,-0.22,1645
97/09/30,598244,3010085,5.03,5.03,5.03,5.03,-0.37,117
97/10/01,1455770,7638269,5.05,5.38,5.05,5.38,+0.35,236
97/10/02,491075,2823677,5.75,5.75,5.75,5.75,+0.37,142
97/10/03,3057527,18462950,5.9,6.15,5.8,6.15,+0.40,776
97/10/06,4303927,27774761,6.24,6.58,5.9,6.18,+0.03,887
97/10/07,3132385,18374993,5.75,6.13,5.75,5.85,-0.33,748
97/10/08,801375,4404412,5.53,5.65,5.45,5.45,-0.40,248
97/10/09,1938394,10391126,5.1,5.82,5.07,5.3,-0.15,579
97/10/13,447151,2289410,5.12,5.12,5.12,5.12,-0.18,100
97/10/14,760616,4151237,5.47,5.47,5.33,5.47,+0.35,208
97/10/15,1191509,6688738,5.47,5.83,5.39,5.79,+0.32,368
97/10/16,708101,3966464,5.59,5.68,5.59,5.59,-0.20,220
97/10/17,850000,4738690,5.65,5.82,5.4,5.4,-0.19,268
97/10/20,789993,4309079,5.65,5.65,5.25,5.4, 0.00,253
97/10/21,798267,4414911,5.6,5.72,5.32,5.41,+0.01,282
97/10/22,832660,4390251,5.23,5.45,5.23,5.27,-0.14,239
97/10/23,110543,562674,5.09,5.09,5.09,5.09,-0.18,42
97/10/24,208000,1023360,4.92,4.92,4.92,4.92,-0.17,38
97/10/27,173000,792340,4.58,4.58,4.58,4.58,-0.34,43
97/10/28,916001,3970374,4.26,4.7,4.26,4.4,-0.18,245
97/10/29,1160500,5099390,4.7,4.7,4.1,4.1,-0.30,304
97/10/30,1423085,5978711,3.9,4.38,3.85,4.38,+0.28,355
97/10/31,1378070,6408395,4.68,4.68,4.42,4.68,+0.30,291
97/11/03,1342191,6637613,5.0,5.0,4.8,4.99,+0.31,302
97/11/04,863458,4118534,4.8,4.91,4.7,4.8,-0.19,242
97/11/05,806891,3960122,4.8,5.03,4.7,4.8, 0.00,233
97/11/06,559232,2502927,4.47,4.55,4.47,4.47,-0.33,156
97/11/07,639896,2864950,4.17,4.7,4.17,4.55,+0.08,179
97/11/10,813038,3822335,4.71,4.8,4.6,4.8,+0.25,215
97/11/11,407001,1837894,4.61,4.72,4.47,4.47,-0.33,152
97/11/12,335250,1448291,4.17,4.59,4.17,4.25,-0.22,115
97/11/13,556134,2237106,4.0,4.14,3.97,4.0,-0.25,173
97/11/14,671045,2759040,4.28,4.28,3.95,4.05,+0.05,218
97/11/17,971549,3689189,3.86,3.97,3.77,3.77,-0.28,180
97/11/18,338002,1186386,3.51,3.51,3.51,3.51,-0.26,63
97/11/19,1417213,4678291,3.27,3.5,3.27,3.3,-0.21,363
97/11/20,623001,1916853,3.07,3.15,3.07,3.07,-0.23,171
97/11/21,1321172,3967513,2.86,3.28,2.86,3.28,+0.21,346
97/11/24,489677,1626590,3.49,3.49,3.12,3.2,-0.08,159
97/11/25,622891,2056253,3.26,3.39,3.0,3.0,-0.20,203
97/11/26,366186,1132460,3.0,3.16,3.0,3.08,+0.08,172
97/11/27,296247,974649,3.29,3.29,3.29,3.29,+0.21,59
97/11/28,447000,1573440,3.52,3.52,3.52,3.52,+0.23,88
97/12/01,406243,1527472,3.76,3.76,3.76,3.76,+0.24,66
97/12/02,4667502,18613922,4.02,4.02,3.76,4.02,+0.26,878
97/12/03,2934761,12469724,4.29,4.3,4.05,4.06,+0.04,594
97/12/04,1645204,6521326,4.06,4.23,3.8,3.86,-0.20,427
97/12/05,1138337,4569537,4.0,4.13,3.75,4.1,+0.24,380
97/12/08,1752558,7543607,4.35,4.38,4.2,4.38,+0.28,391
97/12/09,1626068,7218307,4.6,4.6,4.21,4.24,-0.14,369
97/12/10,1764890,7711497,4.21,4.45,4.21,4.45,+0.21,411
97/12/11,2985623,13930975,4.44,4.76,4.15,4.76,+0.31,662
97/12/12,2958495,13558615,4.45,4.79,4.43,4.76, 0.00,576
97/12/15,1541880,7549837,5.01,5.01,4.78,4.8,+0.04,334
97/12/16,1177705,5555043,4.52,4.95,4.52,4.95,+0.15,318
97/12/17,1807771,9074559,5.2,5.2,4.74,4.85,-0.10,485
97/12/18,2932517,14942453,4.71,5.18,4.71,5.18,+0.33,608
97/12/19,2125490,11770804,5.54,5.54,5.49,5.54,+0.36,391
97/12/22,4624084,26162306,5.92,5.92,5.22,5.3,-0.24,973
97/12/23,1866462,9281905,4.95,5.29,4.93,4.93,-0.37,456
97/12/24,1241949,6122001,4.87,5.02,4.68,4.97,+0.04,348
97/12/25,1534948,8001820,5.09,5.3,5.09,5.21,+0.24,435
97/12/26,882769,4495595,5.1,5.21,4.96,5.02,-0.19,329
97/12/29,706129,3531915,4.9,5.18,4.9,4.92,-0.10,260
97/12/30,1626092,8464140,5.0,5.26,5.0,5.26,+0.34,361
97/12/31,4166203,23281601,5.62,5.62,5.32,5.62,+0.36,829
98/01/05,2939848,16901039,6.0,6.01,5.59,5.63,+0.01,667
98/01/06,2796478,16300540,5.79,6.0,5.63,5.85,+0.22,705
98/01/07,4992198,31053963,6.23,6.25,6.06,6.25,+0.40,966
98/01/08,4715820,28884462,6.08,6.26,5.9,6.25, 0.00,958
98/01/09,3698572,23654816,6.55,6.55,6.15,6.15,-0.10,949
98/01/10,1568860,9280518,5.93,6.14,5.76,5.85,-0.30,422
98/01/12,2223817,13165058,5.86,6.03,5.79,5.85, 0.00,576
98/01/13,1668680,9675194,5.85,5.9,5.7,5.8,-0.05,376
98/01/14,4099000,24727800,5.89,6.17,5.85,5.91,+0.11,939
98/01/15,1290230,7243983,5.85,5.85,5.51,5.51,-0.40,388
98/01/16,1156629,6531777,5.7,5.74,5.55,5.57,+0.06,396
98/01/17,734591,4157009,5.7,5.73,5.6,5.61,+0.04,245
98/01/19,916927,5181919,5.61,5.8,5.61,5.61, 0.00,236
98/01/20,916000,4851330,5.42,5.51,5.22,5.22,-0.39,255
98/01/21,1284000,6496840,4.86,5.28,4.86,5.13,-0.09,336
98/02/02,335540,1838757,5.48,5.48,5.48,5.48,+0.35,88
98/02/03,451824,2647687,5.86,5.86,5.86,5.86,+0.38,129
98/02/04,3906376,24371742,6.27,6.27,6.06,6.27,+0.41,1049
98/02/05,2879605,17788589,6.27,6.38,5.86,6.12,-0.15,824
98/02/06,2914758,18399769,6.4,6.42,6.15,6.15,+0.03,761
98/02/09,2078440,12658753,6.38,6.38,5.9,5.95,-0.20,574
98/02/10,3277672,20585174,5.95,6.36,5.91,6.36,+0.41,826
98/02/11,3421598,22748195,6.36,6.8,6.36,6.8,+0.44,736
98/02/12,11657326,84119324,7.27,7.27,7.0,7.0,+0.20,2038
98/02/13,2415110,17841068,7.2,7.49,7.18,7.49,+0.49,499
98/02/16,1494643,11972088,8.01,8.01,8.01,8.01,+0.52,274
98/02/17,10261641,81622338,8.47,8.47,7.6,8.0,-0.01,2087
98/02/18,4389721,34071109,7.85,7.97,7.6,7.6,-0.40,974
98/02/19,3103247,24832294,7.6,8.13,7.51,8.13,+0.53,599
98/02/20,10329926,87133590,8.4,8.69,8.13,8.69,+0.56,2435
98/02/23,16945200,154042515,8.79,9.29,8.79,8.95,+0.26,3312
98/02/24,9303650,83969910,8.95,9.34,8.7,9.05,+0.10,2199
98/02/25,6790093,61394666,9.4,9.4,8.85,8.85,-0.20,1797
98/02/26,5763541,49734549,8.89,9.0,8.5,8.51,-0.34,1595
98/02/27,7987963,71936946,8.65,9.1,8.6,9.1,+0.59,1894
98/03/02,5141457,45480233,9.1,9.1,8.7,8.72,-0.38,1164
98/03/03,4146420,34292597,8.2,8.53,8.11,8.53,-0.19,1007
98/03/04,4052139,34988327,8.49,8.8,8.36,8.71,+0.18,1043
98/03/05,4971860,43676108,8.72,8.95,8.61,8.64,-0.07,1064
98/03/06,7572814,68664835,8.58,9.24,8.58,9.24,+0.60,1511
98/03/09,6366060,59168348,9.49,9.59,8.97,9.0,-0.24,1399
98/03/10,5154894,47443364,8.8,9.4,8.8,9.1,+0.10,1340
98/03/11,5974444,54595557,9.6,9.6,8.91,8.91,-0.19,1448
98/03/12,3525321,31344890,8.91,9.15,8.71,8.71,-0.20,1046
98/03/13,5580669,48580975,9.0,9.0,8.5,8.55,-0.16,1428
98/03/16,4282160,37200352,8.55,8.86,8.55,8.65,+0.10,1150
98/03/17,2527210,21727495,8.65,8.71,8.51,8.57,-0.08,749
98/03/18,8031214,72671644,8.71,9.16,8.62,9.16,+0.59,1865
98/03/19,5994294,54158453,9.26,9.26,8.9,8.92,-0.24,1334
98/03/20,7698131,64621883,8.92,9.0,8.3,8.3,-0.62,1608
98/03/23,6052747,51031927,8.0,8.8,8.0,8.5,+0.20,1604
98/03/24,6124373,53026952,8.7,8.81,8.51,8.52,+0.02,1133
98/03/25,13207411,118985787,8.52,9.11,8.52,9.11,+0.59,2377
98/03/26,5272544,51354566,9.74,9.74,9.74,9.74,+0.63,767
98/03/27,1854096,19282596,10.4,10.4,10.4,10.4,+0.66,360
98/03/30,17085345,181100476,11.1,11.1,9.71,10.45,+0.05,3438
98/03/31,4921933,49636624,10.3,10.35,9.88,9.92,-0.53,1202
98/04/01,2156846,22722115,10.3,10.6,10.3,10.6,+0.68,406
98/04/02,14423949,154838238,11.05,11.3,10.1,10.95,+0.35,2954
98/04/03,5715132,61836771,10.75,11.1,10.5,10.5,-0.45,1438
98/04/06,3828630,42880649,11.2,11.2,11.2,11.2,+0.70,729
98/04/07,16162060,191579959,11.95,11.95,11.55,11.95,+0.75,2921
98/04/08,12695046,159716327,12.1,12.75,12.1,12.75,+0.80,2199
98/04/09,9152449,120729254,13.0,13.6,12.75,13.6,+0.85,1864
98/04/10,8754992,117752686,14.3,14.3,13.15,13.55,-0.05,1898
98/04/13,6447385,91600453,14.3,14.45,13.85,14.45,+0.90,1266
98/04/14,4924918,74667341,14.55,15.45,14.55,15.35,+0.90,1212
98/04/15,5157484,81611237,15.35,16.2,15.35,15.8,+0.45,1355
98/04/16,7800308,131664887,16.9,16.9,16.7,16.9,+1.10,1295
98/04/17,11832406,197764237,17.3,17.6,15.75,15.75,-1.15,2946
98/04/20,8420990,128946291,15.25,16.2,14.65,15.75, 0.00,2099
98/04/21,9023752,147964966,15.3,16.85,15.05,16.85,+1.10,1954
98/04/22,9273857,164192526,17.5,18.0,17.2,18.0,+1.15,2130
98/04/23,24856977,467926187,19.25,19.25,17.5,18.0, 0.00,4854
98/04/24,11242177,202307578,17.9,18.65,17.3,17.8,-0.20,2931
98/04/27,6927277,118423246,17.4,18.1,16.6,16.6,-1.20,1732
98/04/28,14928838,250173096,16.2,17.7,15.5,16.5,-0.10,3865
98/04/29,22264806,375628940,17.05,17.65,15.45,17.55,+1.05,5338
98/04/30,16739256,309393856,18.75,18.75,18.0,18.4,+0.85,3785
98/05/04,19136164,356533512,18.6,19.5,17.5,17.8,-0.60,5031
98/05/05,16345227,293067386,18.0,18.4,17.1,18.1,+0.30,4674
98/05/06,14110704,261171199,18.1,19.0,17.75,18.8,+0.70,3625
98/05/07,21730393,420456379,19.0,20.1,18.55,20.1,+1.30,5404
98/05/08,18618095,386905496,20.5,21.3,20.2,20.2,+0.10,4468
98/05/11,17956151,341447536,19.0,19.9,18.8,18.8,-1.40,4478
98/05/12,17001647,319421659,18.1,19.5,17.65,19.15,+0.35,4628
98/05/13,8733819,164039064,19.15,19.25,18.45,18.6,-0.55,2152
98/05/14,9748979,184521909,18.2,19.45,18.2,18.5,-0.10,2810
98/05/15,9693177,181909771,18.55,19.3,18.05,18.05,-0.45,2397
98/05/18,7429480,134354830,18.05,18.5,17.9,17.9,-0.15,2030
98/05/19,9854505,182350933,18.8,18.85,18.1,18.2,+0.30,2605
98/05/20,10044958,184294220,18.2,18.9,17.85,18.5,+0.30,2740
98/05/21,7634194,139783675,18.3,18.85,17.95,17.95,-0.55,2022
98/05/22,8667058,151651640,17.7,17.9,17.0,17.55,-0.40,2488
98/05/25,13505810,245193324,17.3,18.75,17.3,18.75,+1.20,3414
98/05/26,12547890,227062840,18.75,19.1,17.45,17.8,-0.95,3043
98/05/27,11787527,197410166,17.0,17.8,16.6,16.65,-1.15,3315
98/06/01,2961788,45908958,15.5,15.55,15.5,15.5,-1.15,917
98/06/02,8133454,119780104,14.45,15.5,14.45,14.5,-1.00,2665
98/06/03,3608737,52783466,14.0,14.9,14.0,14.65,+0.15,1296
98/06/04,5369263,81704208,14.95,15.65,14.7,15.65,+1.00,1554
98/06/05,5105098,79799537,15.7,16.1,15.05,15.05,-0.60,1567
98/06/06,2928224,43687132,14.9,15.25,14.6,14.8,-0.25,1057
98/06/08,2530873,37404945,14.9,15.1,14.2,14.3,-0.50,898
98/06/09,3196765,45680533,14.5,14.75,14.0,14.1,-0.20,1140
98/06/10,2181075,31048905,14.6,14.65,14.0,14.05,-0.05,754
98/06/11,2049743,28408409,13.85,14.2,13.5,13.9,-0.15,790
98/06/12,2645294,36493889,13.9,14.2,13.4,13.4,-0.50,815
98/06/15,1930909,24447662,13.4,13.4,12.5,12.5,-0.90,606
98/06/16,6066523,73597809,12.0,13.0,11.65,12.65,+0.15,1476
98/06/17,4431358,58178137,12.7,13.5,12.4,13.15,+0.50,1284
98/06/18,4048183,51624824,13.3,13.45,12.25,12.45,-0.70,1173
98/06/19,1772249,21791323,12.45,12.55,12.0,12.15,-0.30,646
98/06/22,2283074,28946912,12.2,13.0,12.15,13.0,+0.85,731
98/06/23,5194596,70546028,13.0,13.9,12.5,13.9,+0.90,1502
98/06/24,4420651,61262533,14.0,14.2,13.6,13.75,-0.15,1334
98/06/25,1953898,27204636,13.75,14.15,13.7,13.85,+0.10,629
98/06/26,2824437,40660791,14.2,14.7,14.0,14.35,+0.50,1000
98/06/29,1661265,23116196,14.35,14.6,13.5,13.7,-0.65,593
98/06/30,1852556,26012572,13.9,14.45,13.75,13.9,+0.20,611
98/07/01,2026061,28603204,13.8,14.25,13.8,14.1,+0.20,619
98/07/02,2639882,38697125,14.2,15.0,14.2,14.65,+0.55,850
98/07/03,2483644,36025521,14.3,14.85,14.2,14.3,-0.35,769
98/07/06,2221385,32309932,14.3,14.8,14.2,14.6,+0.30,611
98/07/07,5520365,83583988,14.6,15.6,14.55,15.6,+1.00,1271
98/07/08,5859518,91289544,15.7,15.9,15.2,15.35,-0.25,1575
98/07/09,2664712,41349449,15.5,15.9,15.25,15.25,-0.10,887
98/07/10,2885315,43274993,15.35,15.55,14.75,14.95,-0.30,790
98/07/13,3887710,58771627,15.5,15.5,14.6,14.9,-0.05,1164
98/07/14,3497998,54000868,15.2,15.7,15.1,15.5,+0.60,1031
98/07/15,8602172,139533943,15.7,16.55,15.45,16.4,+0.90,2227
98/07/16,6097424,99300751,16.6,16.7,15.8,15.8,-0.60,1745
98/07/17,6198931,102553156,15.9,16.8,15.9,16.6,+0.80,1869
98/07/20,8312155,146083589,17.65,17.75,17.05,17.75,+1.15,2016
98/07/21,10866128,200536234,18.7,18.7,18.1,18.3,+0.55,2672
98/07/22,6775690,121533439,18.2,18.3,17.65,17.8,-0.50,1900
98/07/23,5371252,97754370,17.9,18.5,17.8,18.2,+0.40,1441
98/07/24,8237615,154271389,18.55,19.4,18.2,18.3,+0.10,2316
98/07/27,5110247,94837247,18.9,18.9,18.25,18.35,+0.05,1380
98/07/28,5386650,100502436,18.8,18.85,18.45,18.55,+0.20,1370
98/07/29,6541221,122376319,18.95,19.05,18.3,18.3,-0.25,1805
98/07/30,5176305,92552255,18.1,18.3,17.55,17.85,-0.45,1409
98/07/31,7376351,137632893,18.0,19.0,18.0,18.9,+1.05,2021
98/08/03,14908867,296732857,19.2,20.2,18.95,20.2,+1.30,3665
98/08/04,15827702,312085094,21.25,21.25,18.8,18.8,-1.40,3818
98/08/05,5744077,106767675,18.95,19.35,17.8,18.05,-0.75,1689
98/08/06,5835037,107862039,18.2,18.7,18.1,18.7,+0.65,1546
98/08/10,7652271,149344027,18.9,19.9,18.8,19.5,+0.80,2161
98/08/11,6814672,132517315,19.7,20.2,18.9,20.0,+0.50,2035
98/08/12,4435304,87400776,20.0,20.0,19.5,19.5,-0.50,1443
98/08/13,6424094,130476480,20.0,20.7,19.8,20.1,+0.60,1897
98/08/14,6342235,125708672,20.5,20.5,19.4,20.0,-0.10,1856
98/08/17,6101213,116416772,20.0,20.0,18.7,18.9,-1.10,1643
98/08/18,6867810,124728604,18.7,18.95,17.6,17.75,-1.15,1888
98/08/19,2975220,53542716,18.2,18.25,17.75,17.9,+0.15,906
98/08/20,3382969,59449255,18.0,18.0,17.15,17.5,-0.40,1045
98/08/21,3559803,63879680,17.7,18.3,17.35,17.6,+0.10,924
98/08/24,2612652,46702924,18.2,18.25,17.6,17.6, 0.00,717
98/08/25,2705930,47246760,17.6,17.9,17.15,17.15,-0.45,891
98/08/26,4256825,72012622,17.3,17.45,16.5,16.7,-0.45,1237
98/08/27,3235653,55608151,16.6,17.55,16.6,17.1,+0.40,1128
98/08/28,2321813,39933551,17.2,17.45,17.0,17.1, 0.00,726
98/08/31,1854068,32170218,17.45,17.6,17.2,17.2,+0.10,680
98/09/01,4290449,76075441,17.5,18.05,17.25,17.7,+0.50,1132
98/09/02,6742089,123377977,17.6,18.9,17.4,18.9,+1.20,1913
98/09/03,7568695,145518474,19.0,19.6,18.85,18.9, 0.00,2243
98/09/04,5627317,106899411,19.25,19.4,18.6,18.6,-0.30,1587
98/09/07,4453929,83056695,19.0,19.0,18.35,18.4,-0.20,1244
98/09/08,4721002,89177935,18.6,19.3,18.5,18.7,+0.30,1435
98/09/09,7568182,145183058,19.2,19.5,18.9,19.1,+0.40,1981
98/09/10,6169608,115888669,19.5,19.6,18.3,18.5,-0.60,1610
98/09/11,7017254,134875591,18.8,19.5,18.65,19.4,+0.90,2043
98/09/14,6592057,128986991,19.6,19.85,19.3,19.35,-0.05,1827
98/09/15,4804531,91928833,19.4,19.5,18.95,19.05,-0.30,1391
98/09/16,6283265,118215335,19.3,19.3,18.6,18.75,-0.30,1878
98/09/17,4435106,83121595,19.0,19.1,18.45,18.5,-0.25,1349
98/09/18,6022347,114117367,18.9,19.1,18.8,18.95,+0.45,1506
98/09/21,15227874,304092077,19.45,20.25,19.1,20.25,+1.30,3548
98/09/22,23987055,511960057,20.8,21.65,20.8,21.65,+1.40,5264
98/09/23,20334693,427075452,22.0,22.2,20.15,20.35,-1.30,5427
98/09/24,7932064,158087421,20.35,20.35,19.45,20.0,-0.35,2371
98/09/25,7121109,145186081,19.8,20.8,19.8,20.2,+0.20,2296
98/09/28,5374550,108564050,20.5,20.65,19.85,19.95,-0.25,1561
98/09/29,5535490,109657925,20.1,20.3,19.5,19.7,-0.25,1573
98/09/30,5876087,119113495,19.95,20.5,19.75,20.2,+0.50,1621
98/10/01,5842666,116656664,20.2,20.45,19.65,19.7,-0.50,1576
98/10/02,3343800,65616748,19.4,19.9,19.35,19.6,-0.10,1057
98/10/05,8333942,173800726,19.9,20.95,19.9,20.95,+1.35,1773
98/10/06,13570061,290177286,21.25,21.9,21.0,21.3,+0.35,3445
98/10/07,7792042,165335961,21.7,21.8,20.7,20.7,-0.60,2181
98/10/08,4666423,95931230,21.15,21.15,20.1,20.25,-0.45,1450
98/10/09,10413692,219968650,21.1,21.6,20.5,21.4,+1.15,3158
98/10/12,12598576,283294940,21.7,22.85,21.7,22.85,+1.45,3538
98/10/13,18211727,432909515,23.2,24.4,22.85,24.4,+1.55,4800
98/10/14,15359667,377636330,25.1,25.3,23.8,24.3,-0.10,4622
98/10/15,13786233,346905091,25.0,25.95,24.55,25.5,+1.20,4148
98/10/16,8133848,204150023,25.5,25.8,24.6,25.2,-0.30,2560
98/10/19,7681437,192311918,25.5,25.5,24.8,25.0,-0.20,2102
98/10/20,9650375,245470751,25.5,26.0,24.85,25.6,+0.60,2766
98/10/21,11230732,290573008,25.65,26.8,25.1,26.0,+0.40,3117
98/10/22,9695254,243728354,26.0,26.0,24.6,24.6,-1.40,3103
98/10/23,6425809,161111346,24.95,25.35,24.8,25.0,+0.40,1821
98/10/26,5393258,135842101,25.45,25.5,24.8,25.2,+0.20,1691
98/10/27,6017346,148413158,25.0,25.2,24.25,24.75,-0.45,1942
98/10/28,4357778,106829541,24.7,24.9,24.0,24.3,-0.45,1412
98/10/29,18812172,475742522,24.8,26.0,24.5,26.0,+1.70,4986
98/10/30,15655788,407537633,26.4,26.7,25.1,25.3,-0.70,4701
98/11/02,8949363,231240888,24.7,26.4,24.65,26.1,+0.80,2972
98/11/03,16593326,453475173,26.5,27.9,25.8,27.9,+1.80,4419
98/11/04,17560373,505240510,28.25,29.7,28.25,28.4,+0.50,5147
98/11/05,7351102,209831787,28.5,28.95,28.0,28.45,+0.05,2722
98/11/06,8404645,237877022,29.0,29.1,27.85,28.0,-0.45,2727
98/11/09,4105180,114579354,28.35,28.35,27.55,28.0, 0.00,1642
98/11/10,7903892,228079995,28.6,29.45,28.35,28.7,+0.70,2619
98/11/11,9034073,263450442,29.0,29.7,28.85,28.9,+0.20,2948
98/11/12,6699407,192766662,28.7,29.2,28.4,28.5,-0.40,2317
98/11/13,5596130,161955437,28.3,29.3,28.3,29.0,+0.50,1893
98/11/16,11973725,354509930,29.5,30.8,28.9,30.5,+1.50,3737
98/11/17,15326623,451959982,30.6,30.7,28.45,28.65,-1.85,4686
98/11/18,8778589,254222620,28.65,29.45,28.4,28.9,+0.25,3070
98/11/19,10593750,304096246,28.9,29.35,28.25,28.4,-0.50,3715
98/11/20,7041031,202307481,28.0,29.2,28.0,28.7,+0.30,2342
98/11/23,4916499,139584190,29.0,29.0,28.2,28.25,-0.45,1731
98/11/24,8223280,230067548,28.3,28.45,27.65,27.7,-0.55,2871
98/11/25,8198762,224084757,27.5,28.0,26.7,27.25,-0.45,3031
98/11/26,7595386,205769400,27.1,27.45,26.85,26.85,-0.40,2571
98/11/27,12276548,314967552,26.0,26.3,25.15,25.3,-1.55,3808
98/11/30,7375447,193019509,25.8,26.7,25.5,26.55,+1.25,2595
98/12/01,5486476,142916997,26.55,26.75,25.7,25.85,-0.70,1999
98/12/02,6642855,175069914,26.2,26.75,26.0,26.05,+0.20,2206
98/12/03,14433013,390145487,26.5,27.6,26.2,26.95,+0.90,4802
98/12/04,6017666,160339928,26.95,27.4,26.3,26.35,-0.60,2034
98/12/07,26874769,747880142,26.95,28.15,26.6,27.9,+1.55,5924
98/12/08,10400187,287125826,27.6,28.15,27.2,27.7,-0.20,3335
98/12/09,12884700,365674050,28.15,28.8,28.0,28.1,+0.40,4109
98/12/10,9035135,249188058,28.4,28.7,26.6,27.1,-1.00,3061
98/12/11,5267833,145030375,27.2,27.75,27.2,27.5,+0.40,1754
98/12/14,8338223,231221127,27.65,28.3,27.0,27.65,+0.15,2675
98/12/15,6940060,193953202,28.2,28.25,27.55,27.65, 0.00,2076
98/12/16,4888985,135400827,27.65,28.0,27.25,27.45,-0.20,1693
98/12/17,15767778,444661624,28.0,28.6,27.7,27.7,+0.25,4668
98/12/18,4742412,131963265,27.7,28.3,27.4,27.85,+0.15,1690
98/12/21,4764501,133690446,28.8,28.8,27.75,27.75,-0.10,1505
98/12/22,8260230,232344597,28.0,28.5,27.75,27.9,+0.15,2311
98/12/23,31049593,898153242,28.2,29.4,28.0,29.0,+1.10,8260
98/12/24,44423585,1331879548,29.3,30.5,29.3,29.6,+0.60,11611
98/12/25,17811596,520881184,29.8,29.8,28.8,28.95,-0.65,4970
98/12/28,9566804,277549605,29.4,29.4,28.65,28.75,-0.20,3165
98/12/29,13914405,409251455,28.9,29.8,28.9,29.5,+0.75,4352
98/12/30,28585441,882582228,29.9,31.55,29.8,31.55,+2.05,7653
98/12/31,40213798,1350234126,32.9,33.75,32.6,33.75,+2.20,8077
99/01/04,27963439,926021896,34.25,34.25,31.95,32.8,-0.95,8380
99/01/05,20043134,654032910,33.0,33.8,31.55,31.8,-1.00,6544
99/01/06,15441746,499707930,32.0,33.5,31.65,33.1,+1.30,5235
99/01/07,13461640,432547518,33.1,33.3,31.5,31.6,-1.50,4480
99/01/08,10087479,312716834,31.6,31.9,30.2,31.5,-0.10,3514
99/01/11,8850303,281560679,32.0,32.35,31.4,31.45,-0.05,2999
99/01/12,12686446,408517888,31.45,32.6,31.45,32.1,+0.65,4104
99/01/13,14377862,468690821,31.6,33.0,31.5,32.5,+0.40,4646
99/01/14,14566221,482355152,33.0,33.75,32.5,32.55,+0.05,4832
99/01/15,10174457,328234024,32.55,32.75,31.8,32.15,-0.40,3139
99/01/18,10319564,329924419,31.7,32.65,31.55,31.8,-0.35,3294
99/01/19,10902824,339837167,32.0,32.2,30.8,30.8,-1.00,3615
99/01/20,7307004,228049516,31.2,31.7,30.85,30.85,+0.05,2616
99/01/21,8021903,244291385,31.0,31.2,30.05,30.1,-0.75,2698
99/01/22,6156668,182768140,29.2,30.3,29.1,30.0,-0.10,2123
99/01/25,5024989,150741220,29.5,30.6,29.3,29.7,-0.30,1859
99/01/26,8612459,246422908,30.0,30.3,27.65,27.7,-2.00,2971
99/01/27,7011049,189496136,27.75,28.2,25.8,26.3,-1.40,2474
99/01/28,5906518,161934204,26.75,28.1,26.6,28.1,+1.80,1979
99/01/29,6288152,175645093,27.5,28.65,27.1,27.95,-0.15,2315
99/02/01,2990130,83570198,27.95,28.4,27.7,27.7,-0.25,1129
99/02/02,5728350,157117458,28.5,28.5,26.4,26.75,-0.95,2071
99/02/03,4027275,109927334,27.7,27.8,26.9,27.35,+0.60,1601
99/02/04,4684656,130672466,27.6,28.3,27.4,27.8,+0.45,1724
99/02/05,5854657,153686977,26.0,27.0,25.9,26.05,-1.75,2198
99/02/06,4879288,122930882,26.2,26.45,24.25,24.85,-1.20,1887
99/02/08,2897425,73438150,25.15,25.6,24.9,25.3,+0.45,1212
99/02/09,3784660,100722702,26.2,27.05,25.7,27.05,+1.75,1336
99/02/10,7768257,218998396,27.85,28.7,27.85,28.2,+1.15,2639
99/02/22,5059451,143970017,29.0,29.2,27.8,28.2, 0.00,1767
99/02/23,2427172,68415890,28.45,28.55,27.9,28.45,+0.25,937
99/02/24,5244842,149533461,28.0,29.0,28.0,28.55,+0.10,1878
99/02/25,7788783,226065014,28.9,29.6,28.1,28.5,-0.05,2865
99/02/26,12168164,355784635,29.1,29.65,28.8,29.05,+0.55,4070
99/03/01,14763444,444299705,29.45,30.7,29.05,30.35,+1.30,5017
99/03/02,11237733,344228910,30.8,31.2,30.05,30.1,-0.25,3782
99/03/03,5932884,176217322,30.1,30.15,29.3,29.3,-0.80,2315
99/03/04,4605321,135417050,29.3,29.95,29.0,29.45,+0.15,1813
99/03/05,4574343,136687546,29.8,30.3,29.55,29.6,+0.15,1617
99/03/08,7219195,218021900,30.1,30.55,29.65,30.05,+0.45,2717
99/03/09,4512385,136408736,30.2,30.5,29.85,30.2,+0.15,1757
99/03/10,11861631,366302496,30.5,31.3,30.5,30.5,+0.30,4202
99/03/11,8606320,265606952,30.95,31.4,30.5,30.5, 0.00,2915
99/03/12,3675727,110915183,30.7,30.8,30.0,30.05,-0.45,1469
99/03/15,4552320,136096142,30.1,30.5,29.4,29.4,-0.65,1780
99/03/16,4073166,121047329,29.4,30.1,29.4,29.85,+0.45,1538
99/03/17,4927980,149152443,30.4,30.5,30.05,30.25,+0.40,1640
99/03/18,12659559,390441746,30.35,31.35,30.3,30.6,+0.35,4097
99/03/19,4726782,144148069,30.6,30.8,30.3,30.4,-0.20,1697
99/03/22,3934178,118969202,30.5,30.6,30.1,30.1,-0.30,1370
99/03/23,10428098,321935319,30.6,31.3,30.3,30.5,+0.40,3456
99/03/24,5613136,170729928,30.6,30.9,30.1,30.15,-0.35,1859
99/03/25,3680069,110786373,30.3,30.4,29.85,30.1,-0.05,1266
99/03/26,3552498,107306740,30.3,30.4,30.0,30.0,-0.10,1178
99/03/29,3818291,115495480,30.35,30.5,30.05,30.1,+0.10,1363
99/03/30,6964001,212957075,30.5,30.9,30.3,30.35,+0.25,2350
99/03/31,3651522,110625010,30.35,30.7,30.0,30.0,-0.35,1342
99/04/01,3405453,103038390,30.4,30.45,30.1,30.15,+0.15,1264
99/04/02,3854027,116505606,30.35,30.4,30.1,30.3,+0.15,1192
99/04/06,11855229,367246773,30.6,31.3,30.6,30.85,+0.55,3969
99/04/07,5051255,154698202,31.0,31.2,30.4,30.4,-0.45,1883
99/04/08,11583467,358704535,30.8,31.4,30.5,30.6,+0.20,3768
99/04/09,4680563,143870327,31.0,31.1,30.5,30.7,+0.10,1522
99/04/12,3767524,116362435,31.2,31.2,30.7,30.75,+0.05,1284
99/04/13,3865102,116831210,30.5,30.7,29.5,29.8,-0.95,1343
99/04/14,2578739,77705511,29.8,30.6,29.8,30.6,+0.80,897
99/04/15,3443023,104841189,30.9,30.9,30.3,30.3,-0.30,1276
99/04/16,5258687,160398449,30.5,30.8,30.1,30.55,+0.25,1707
99/04/19,4892894,144641812,30.1,30.3,28.55,28.65,-1.90,1688
99/04/20,3593236,104709002,28.85,29.45,28.8,29.25,+0.60,1116
99/04/21,2714504,80318765,29.5,29.85,29.35,29.75,+0.50,959
99/04/22,1935760,57358679,29.5,29.95,29.4,29.8,+0.05,716
99/04/23,3578699,107867128,30.0,30.4,29.85,29.9,+0.10,1140
99/04/26,2734500,81948317,30.1,30.4,29.7,30.0,+0.10,977
99/04/27,3185730,93999547,30.0,30.0,29.25,29.3,-0.70,1145
99/04/28,4111719,119660744,28.0,30.0,27.95,30.0,+0.70,1476
99/04/29,9093814,265535518,30.0,30.0,28.7,28.9,-1.10,2890
99/04/30,5324075,153829450,29.5,29.6,28.15,28.2,-0.70,1795
99/05/03,5128020,140584790,28.0,28.2,27.0,27.05,-1.15,1757
99/05/04,3687876,100826876,27.6,27.8,27.1,27.3,+0.25,1297
99/05/05,3867397,101061777,26.0,26.8,25.8,26.1,-1.20,1338
99/05/06,3453058,88376396,26.0,26.3,24.85,25.0,-1.10,1131
99/05/07,5168777,125143302,23.8,25.3,23.3,25.1,+0.10,1671
99/05/10,3993567,100490379,25.0,25.7,24.7,25.6,+0.50,1478
99/05/11,3295050,84004189,25.8,26.0,24.85,24.85,-0.75,1237
99/05/12,2276191,56039326,24.85,25.15,24.15,24.4,-0.45,928
99/05/13,3319353,82877454,24.7,25.45,24.6,25.1,+0.70,1178
99/05/14,1125712,28021706,25.05,25.05,24.75,24.9,-0.20,477
99/05/17,1843775,44423814,24.5,24.6,23.5,23.5,-1.40,765
99/05/18,3271348,76091077,23.5,24.0,22.0,22.75,-0.75,1262
99/05/19,3864826,84742644,22.0,22.5,21.3,22.2,-0.55,1461
99/05/20,2246280,50034629,22.0,22.65,21.9,21.9,-0.30,960
99/05/21,4556660,93313013,20.5,20.8,20.4,20.4,-1.50,1486
99/05/24,4321897,88627088,20.4,20.85,20.3,20.35,-0.05,1277
99/05/25,5693982,109034155,20.0,20.0,18.95,18.95,-1.40,1675
99/05/26,5990661,113396072,19.0,19.3,18.2,19.25,+0.30,1958
99/05/27,4702225,93670473,19.2,20.55,19.0,20.55,+1.30,1643
99/05/28,2563435,56267397,21.95,21.95,21.95,21.95,+1.40,665
99/05/31,9321209,206977018,22.5,22.5,21.6,22.5,+0.55,2964
99/06/01,5846565,131023842,22.4,22.95,22.0,22.0,-0.50,2180
99/06/02,6510101,145486272,21.7,22.8,21.65,22.1,+0.10,2237
99/06/03,7331744,169363108,22.8,23.6,22.45,23.6,+1.50,2044
99/06/04,13109110,317018626,23.9,24.7,23.6,24.0,+0.40,4300
99/06/07,5830205,131456912,22.45,23.0,22.35,22.8,-1.20,2007
99/06/08,7487630,176860153,22.9,24.0,22.9,23.6,+0.80,2540
99/06/09,6315716,143474858,23.4,23.85,21.95,22.15,-1.45,2379
99/06/10,3904200,86314400,22.15,22.45,21.45,22.25,+0.10,1443
99/06/11,2791309,63165802,22.8,23.05,22.35,22.5,+0.25,1083
99/06/14,4415000,100852450,22.85,23.25,22.2,22.85,+0.35,1621
99/06/15,3768015,87295195,22.9,23.55,22.85,23.0,+0.15,1533
99/06/17,5362857,125578172,23.45,23.7,23.0,23.4,+0.40,1836
99/06/18,2919211,67962033,23.55,23.55,23.05,23.15,-0.25,921
99/06/21,2911198,67818208,23.45,23.6,23.1,23.2,+0.05,963
99/06/22,2224024,51844806,23.2,23.5,23.1,23.4,+0.20,789
99/06/23,4215731,99535362,23.1,23.9,23.1,23.7,+0.30,1589
99/06/24,4843224,115398485,23.85,24.15,23.45,23.6,-0.10,1693
99/06/25,2595890,60060404,23.4,23.45,22.85,22.9,-0.70,894
99/06/28,1436453,32986204,23.0,23.25,22.5,22.75,-0.15,509
99/06/29,1693441,38739516,23.0,23.25,22.65,22.75, 0.00,642
99/06/30,2353639,51400044,21.2,22.6,21.2,22.6,-0.15,754
99/07/01,3638028,87777223,24.0,24.15,24.0,24.15,+1.55,1074
99/07/02,12156822,294549395,24.55,24.6,23.6,23.8,-0.35,3363
99/07/05,3364249,80754174,24.2,24.2,23.8,23.95,+0.15,1283
99/07/06,6272119,154250386,23.95,24.9,23.8,24.5,+0.55,2328
99/07/07,3116883,76030134,24.7,24.8,24.05,24.05,-0.45,1201
99/07/08,3812926,93033260,24.6,24.65,24.15,24.3,+0.25,1276
99/07/09,12838132,328093882,24.7,26.0,24.6,26.0,+1.70,3566
99/07/12,17883219,480287109,26.55,27.35,26.35,26.7,+0.70,5312
99/07/13,6309673,165928548,26.8,27.1,25.8,26.05,-0.65,2029
99/07/14,3884862,101628072,26.5,26.6,26.0,26.05, 0.00,1391
99/07/15,7476523,200337433,26.2,27.25,26.05,26.7,+0.65,2710
99/07/16,3654510,95830660,26.7,26.9,26.0,26.05,-0.65,1287
99/07/19,2554554,65552582,25.8,25.9,25.5,25.6,-0.45,990
99/07/20,3454222,90447966,25.7,26.45,25.7,26.2,+0.60,1338
99/07/21,4525540,119058095,26.5,26.6,25.9,25.95,-0.25,1483
99/07/22,2142881,55675853,25.8,26.35,25.75,25.8,-0.15,875
99/07/23,2817087,73061629,26.2,26.3,25.65,25.85,+0.05,1047
99/07/26,8603702,209799180,24.9,25.6,24.05,24.15,-1.70,3074
99/07/27,3335673,80195697,24.15,24.4,23.85,23.9,-0.25,1340
99/07/28,3199991,77977130,24.0,24.55,24.0,24.3,+0.40,1267
99/07/29,2294314,55144519,24.2,24.3,23.9,23.9,-0.40,818
99/07/30,2446561,57973089,23.45,24.0,23.45,23.6,-0.30,921
99/08/02,2948650,69970151,23.9,24.0,23.55,23.7,+0.10,915
99/08/03,2758205,66084558,24.0,24.2,23.7,23.85,+0.15,850
99/08/04,1975300,47237468,23.85,24.0,23.8,24.0,+0.15,704
99/08/05,5124621,125443163,24.0,24.8,24.0,24.2,+0.20,1758
99/08/06,3585879,87428359,24.2,24.65,23.95,24.4,+0.20,1168
99/08/09,2840599,69166773,24.3,24.5,24.2,24.25,-0.15,806
99/08/10,2024600,48491057,24.3,24.4,23.6,23.7,-0.55,765
99/08/11,2508524,58576657,23.6,23.65,23.2,23.4,-0.30,880
99/08/12,1969826,45423798,22.95,23.4,22.95,23.1,-0.30,667
99/08/13,2753534,65107951,23.1,23.95,23.1,23.65,+0.55,1055
99/08/16,1545952,36364484,23.65,23.85,23.3,23.3,-0.35,585
99/08/17,1971446,46006927,23.3,23.65,23.05,23.1,-0.20,706
99/08/18,2729982,62855288,23.1,23.3,22.85,22.95,-0.15,957
99/08/19,2515873,57146764,23.05,23.1,22.55,22.7,-0.25,897
99/08/20,1697375,37970638,22.6,22.7,22.15,22.25,-0.45,743
99/08/23,2723667,60989806,22.25,22.85,21.9,22.35,+0.10,985
99/08/24,2040550,46021913,22.3,22.8,22.25,22.4,+0.05,697
99/08/25,2173997,47548134,22.2,22.35,21.55,21.6,-0.80,802
99/08/26,1706860,36416110,21.6,21.9,21.0,21.0,-0.60,709
99/08/27,1101450,23188000,21.0,21.5,20.9,21.0, 0.00,433
99/08/30,1253365,26082245,21.1,21.4,20.5,20.5,-0.50,551
99/08/31,3686760,71557214,19.3,20.0,19.1,19.1,-1.40,1334
99/09/01,2485848,47437893,19.0,19.45,18.6,19.05,-0.05,940
99/09/02,1806350,35227540,19.4,19.8,19.3,19.4,+0.35,691
99/09/03,4388484,90090438,19.85,20.75,19.6,20.75,+1.35,1277
99/09/06,3117560,64200744,20.6,20.75,20.3,20.65,-0.10,1185
99/09/07,2403567,48470190,20.65,20.65,19.8,20.1,-0.55,908
99/09/08,2466498,48132861,19.8,19.95,19.35,19.4,-0.70,906
99/09/09,2059727,40616230,19.4,20.0,19.4,19.7,+0.30,743
99/09/10,2817924,55936408,19.8,20.15,19.5,19.7, 0.00,877
99/09/13,2503709,49738834,19.7,20.2,19.3,19.8,+0.10,853
99/09/14,3110045,63435666,20.0,20.6,19.95,20.5,+0.70,1074
99/09/15,1729655,34818030,20.5,20.5,19.95,20.2,-0.30,599
99/09/16,1138620,22718384,20.3,20.35,19.8,19.9,-0.30,497
99/09/17,4121884,83886618,19.95,20.7,19.8,20.2,+0.30,1413
99/09/20,1099715,22246209,20.2,20.5,20.0,20.25,+0.05,428
99/09/21,5105675,108030538,20.45,21.6,20.25,21.2,+0.95,1760
99/09/23,1788473,36934392,21.0,21.0,20.5,20.6,-0.60,717
99/09/24,1196787,24358784,20.3,20.75,20.1,20.4,-0.20,512
99/09/27,2208749,44788830,20.55,20.7,20.0,20.0,-0.40,775
99/09/28,3099463,61993354,19.6,20.5,19.55,20.2,X0.00,1209
99/09/29,3761645,76519989,20.2,20.65,19.9,20.35,+0.15,1340
99/09/30,4252161,87848478,20.4,20.9,20.3,20.8,+0.45,1456
99/10/01,3330859,69610672,21.0,21.05,20.75,20.9,+0.10,1031
99/10/04,2432385,49430621,21.0,21.0,19.95,20.0,-0.90,894
99/10/05,1829466,36756770,20.0,20.3,19.75,20.1,+0.10,673
99/10/06,1526314,30645711,20.45,20.5,19.9,19.9,-0.20,545
99/10/07,1317715,26283677,19.95,20.05,19.85,19.9, 0.00,544
99/10/08,1782099,35871267,19.9,20.35,19.9,20.0,+0.10,679
99/10/11,1309984,25809584,20.0,20.1,19.5,19.55,-0.45,532
99/10/12,1701452,33427044,19.55,19.9,19.4,19.5,-0.05,585
99/10/13,1011732,19612840,19.55,19.75,19.25,19.3,-0.20,437
99/10/14,907400,17499960,19.5,19.6,19.1,19.3, 0.00,389
99/10/15,2455882,45993754,19.2,19.2,18.5,18.65,-0.65,905
99/10/18,1234551,22322156,18.6,18.65,17.8,17.9,-0.75,556
99/10/19,848022,15358298,17.9,18.3,17.9,18.05,+0.15,403
99/10/20,1819241,33704479,17.9,18.95,17.85,18.7,+0.65,782
99/10/21,882402,16336296,18.7,18.9,18.35,18.35,-0.35,350
99/10/22,807780,14893895,18.35,18.6,18.25,18.5,+0.15,263
99/10/25,733663,13687145,18.55,18.8,18.55,18.7,+0.20,300
99/10/26,2607498,49888708,18.8,19.4,18.7,19.2,+0.50,903
99/10/27,3071994,59067132,19.4,19.4,18.8,19.15,-0.05,736
99/10/28,2790895,54963686,19.25,19.95,19.2,19.6,+0.45,1087
99/10/29,885102,17007592,19.5,19.6,19.05,19.05,-0.55,388
99/11/01,3530328,62843718,17.75,18.2,17.75,17.75,-1.30,1189
99/11/02,4016530,66621367,16.55,16.95,16.55,16.55,-1.20,1503
99/11/03,3562469,55152221,15.5,15.9,15.4,15.4,-1.15,1241
99/11/04,6099188,89811194,14.45,15.2,14.35,15.2,-0.20,1836
99/11/05,2773540,41795899,15.5,15.5,14.8,14.85,-0.35,1067
99/11/08,4567695,63912771,14.85,14.9,13.85,13.85,-1.00,1485
99/11/09,3938715,55588593,13.55,14.4,13.55,14.4,+0.55,1344
99/11/10,2093474,30249374,14.4,14.7,14.05,14.4, 0.00,849
99/11/11,1674965,24498495,14.4,14.9,14.2,14.55,+0.15,650
99/11/12,1099427,15850252,14.35,14.7,14.3,14.35,-0.20,371
99/11/15,1128992,16319883,14.5,14.7,14.35,14.35, 0.00,461
99/11/16,956419,13729460,14.4,14.55,14.25,14.3,-0.05,361
99/11/17,820110,11588650,14.0,14.3,14.0,14.2,-0.10,286
99/11/18,687977,9946369,14.2,14.7,14.2,14.45,+0.25,342
99/11/19,961127,13840741,14.6,14.6,14.25,14.25,-0.20,329
99/11/22,774780,11022014,14.4,14.4,14.0,14.1,-0.15,275
99/11/23,1637006,23577185,14.15,14.6,14.15,14.25,+0.15,541
99/11/24,4195284,62865815,14.4,15.2,14.4,15.2,+0.95,1053
99/11/25,11700215,185091595,15.4,16.1,15.4,16.05,+0.85,3414
99/11/26,2843625,44678521,16.15,16.2,15.45,15.55,-0.50,1018
99/11/29,1710894,26767726,15.8,16.0,15.4,15.5,-0.05,640
99/11/30,1957687,30546377,15.2,15.85,15.2,15.5, 0.00,649
99/12/01,1661070,25587035,15.2,15.75,15.2,15.5, 0.00,569
99/12/02,2414921,39811688,16.2,16.55,16.1,16.55,+1.05,658
99/12/03,8091375,138821166,17.3,17.3,16.95,17.1,+0.55,2548
99/12/06,2583318,43041485,16.8,16.95,16.5,16.75,-0.35,930
99/12/07,1443220,24205134,16.75,17.0,16.5,16.75, 0.00,560
99/12/08,1523250,25278147,16.8,16.9,16.5,16.5,-0.25,562
99/12/09,3555335,59697709,16.5,17.0,16.3,16.85,+0.35,1114
99/12/10,4341620,77316460,17.1,18.0,17.1,18.0,+1.15,1086
99/12/13,8628683,158434653,18.3,18.8,17.85,17.95,-0.05,2463
99/12/14,7424396,134088185,17.95,18.45,17.5,18.0,+0.05,2237
99/12/15,4201991,75379986,18.0,18.2,17.45,18.05,+0.05,1189
99/12/16,1385986,24727049,17.85,18.1,17.7,17.7,-0.35,615
99/12/17,9750550,180894240,17.8,18.9,17.8,18.0,+0.30,2498
99/12/20,4657310,84576930,17.8,18.4,17.8,18.1,+0.10,1212
99/12/21,1405113,25279684,18.0,18.2,17.85,18.1, 0.00,528
99/12/22,10815935,202435071,18.1,19.1,18.1,18.8,+0.70,2903
99/12/23,8599071,164080382,19.0,19.35,18.65,18.95,+0.15,2536
99/12/24,2653561,49578218,18.95,18.95,18.5,18.5,-0.45,983
99/12/27,2039950,37053744,18.2,18.5,18.05,18.05,-0.45,793
99/12/28,1595187,28881425,18.1,18.45,17.9,17.9,-0.15,633
99/12/29,2665110,46327731,18.0,18.0,16.95,17.05,-0.85,1019
99/12/30,1241799,21513000,17.35,17.7,17.15,17.15,+0.10,549
99/12/31,1306254,22605842,17.5,17.5,17.15,17.25,+0.10,461
100/01/03,1454620,24803674,17.25,17.5,16.8,16.9,-0.35,580
100/01/04,2929125,51136211,17.0,17.75,16.9,17.3,+0.40,1063
100/01/05,1577858,26922538,17.3,17.45,16.9,16.9,-0.40,659
100/01/06,6788984,121433457,17.4,18.05,17.2,18.05,+1.15,1567
100/01/07,11672479,213336297,18.0,18.55,17.9,18.05, 0.00,2638
100/01/10,1488854,26464068,18.1,18.45,17.55,17.65,-0.40,565
100/01/11,1611332,28778257,18.0,18.05,17.65,17.7,+0.05,659
100/01/12,1623045,28595233,17.95,18.0,17.4,17.45,-0.25,605
100/01/13,2633314,47406354,17.85,18.3,17.7,17.8,+0.35,1060
100/01/14,2876561,52072838,17.85,18.3,17.75,18.0,+0.20,981
100/01/17,8047129,149242607,18.5,18.8,18.1,18.4,+0.40,2198
100/01/18,3632784,66994303,18.4,18.65,18.1,18.3,-0.10,1265
100/01/19,1701499,31147754,18.6,18.6,18.2,18.2,-0.10,668
100/01/20,1380165,24813202,18.2,18.2,17.85,17.85,-0.35,528
100/01/21,4468891,82163354,17.9,18.7,17.8,18.35,+0.50,1457
100/01/24,3874431,72188630,18.75,18.9,18.4,18.4,+0.05,1233
100/01/25,2805940,51740158,18.5,18.8,18.15,18.2,-0.20,856
100/01/26,14527585,277062418,18.2,19.45,18.2,19.2,+1.00,3953
100/01/27,15161339,297574556,19.2,20.15,18.85,19.75,+0.55,4319
100/01/28,19967040,409676390,19.9,21.0,19.9,21.0,+1.25,5937
100/02/08,8506103,169805111,21.4,21.4,19.55,19.55,-1.45,2587
100/02/09,5263519,99632004,19.3,19.45,18.55,18.8,-0.75,1586
100/02/10,5777238,112125923,18.9,19.8,18.9,19.75,+0.95,2026
100/02/11,3541403,67401463,19.7,19.7,18.55,18.6,-1.15,1214
100/02/14,2260336,42722949,18.8,19.2,18.65,18.7,+0.10,917
100/02/15,2938101,55901897,18.75,19.3,18.6,19.3,+0.60,1027
100/02/16,4597618,89893175,19.3,19.85,19.1,19.4,+0.10,1678
100/02/17,3369687,63785429,19.5,19.5,18.65,18.7,-0.70,1450
100/02/18,2093614,39309080,19.0,19.0,18.7,18.8,+0.10,742
100/02/21,1665482,31392834,18.9,19.1,18.7,18.75,-0.05,698
100/02/22,3427601,60961526,18.5,18.5,17.5,17.7,-1.05,1185
100/02/23,2722542,47049978,17.5,17.85,16.6,16.75,-0.95,946
100/02/24,1647711,27774755,16.75,17.1,16.6,16.8,+0.05,692
100/02/25,5056300,88006329,17.0,17.7,16.95,17.5,+0.70,1542
100/03/01,2409296,43063517,17.9,18.2,17.7,17.8,+0.30,842
100/03/02,4684769,86009733,18.0,18.6,17.8,18.35,+0.55,1788
100/03/03,2195113,40250246,18.3,18.6,18.2,18.2,-0.15,788
100/03/04,1484211,27013848,18.5,18.55,18.0,18.0,-0.20,588
100/03/07,1432578,25756604,18.0,18.3,17.7,17.8,-0.20,532
100/03/08,2343381,42273258,17.6,18.25,17.6,18.1,+0.30,713
100/03/09,1475345,26580610,18.25,18.35,17.7,17.75,-0.35,604
100/03/10,3203055,54819840,17.7,17.7,16.85,16.9,-0.85,1097
100/03/11,1615771,27469742,16.8,17.2,16.7,17.15,+0.25,626
100/03/14,3825612,67675920,18.35,18.35,17.15,17.6,+0.45,1448
100/03/15,4279330,73663453,17.8,18.5,16.4,16.55,-1.05,1507
100/03/16,2255333,37076410,16.8,17.2,16.0,16.4,-0.15,825
100/03/17,3270075,50610055,15.8,16.1,15.3,15.45,-0.95,1161
100/03/18,2059836,32599607,15.5,16.0,15.5,15.9,+0.45,750
100/03/21,1158697,18649790,16.0,16.3,15.8,16.25,+0.35,511
100/03/22,2982211,49827682,16.6,16.95,16.3,16.85,+0.60,984
100/03/23,2958336,49888027,16.85,17.15,16.45,16.6,-0.25,857
100/03/24,3907442,67279164,16.9,17.4,16.8,17.1,+0.50,1409
100/03/25,1825039,31301747,17.45,17.45,16.8,16.8,-0.30,654
100/03/28,591165,9856337,16.5,16.95,16.5,16.6,-0.20,262
100/03/29,710225,11863585,17.1,17.1,16.5,16.6, 0.00,335
100/03/30,616461,10260468,16.7,16.8,16.5,16.75,+0.15,300
100/03/31,1135825,19204176,16.75,17.1,16.75,16.75, 0.00,409
100/04/01,592662,9888654,16.75,16.95,16.6,16.7,-0.05,263
100/04/06,2204032,37103767,16.8,17.15,16.5,16.5,-0.20,685
100/04/07,1219110,20355934,16.65,16.85,16.55,16.7,+0.20,426
100/04/08,2679220,45113883,16.8,17.1,16.55,16.8,+0.10,787
100/04/11,931385,15438514,16.7,16.8,16.4,16.5,-0.30,396
100/04/12,912616,14944515,16.55,16.7,16.2,16.2,-0.30,401
100/04/13,650250,10575161,16.2,16.45,16.1,16.25,+0.05,286
100/04/14,829330,13651177,16.5,16.55,16.3,16.45,+0.20,409
100/04/15,604636,9928433,16.45,16.6,16.25,16.35,-0.10,326
100/04/18,561024,9016320,16.3,16.45,15.8,15.8,-0.55,292
100/04/19,1103557,16970001,15.6,15.8,15.15,15.45,-0.35,464
100/04/20,696667,10887869,15.6,15.8,15.5,15.65,+0.20,301
100/04/21,3402402,55621610,15.8,16.6,15.75,16.05,+0.40,1138
100/04/22,1589387,25665692,16.05,16.4,15.85,16.05, 0.00,641
100/04/25,3757326,60649065,16.05,16.35,15.7,16.0,-0.05,886
100/04/26,894770,14213966,16.0,16.15,15.7,15.7,-0.30,365
100/04/27,781193,12419126,16.0,16.15,15.75,15.8,+0.10,347
100/04/28,968914,15199474,16.0,16.0,15.5,15.5,-0.30,398
100/04/29,3205385,50241659,15.5,15.9,15.35,15.35,-0.15,715
100/05/03,1452250,21846550,15.3,15.65,14.5,14.8,-0.55,594
100/05/04,1524595,22994094,15.0,15.4,14.75,15.2,+0.40,615
100/05/05,856745,12994775,15.2,15.4,15.05,15.05,-0.15,318
100/05/06,742003,11124043,15.1,15.1,14.9,14.9,-0.15,296
100/05/09,569753,8531744,14.95,15.15,14.8,14.85,-0.05,264
100/05/10,3703140,51700234,14.55,14.55,13.85,13.85,-1.00,1294
100/05/11,3550332,45874979,12.9,13.2,12.9,12.9,-0.95,1115
100/05/12,5613024,69017149,12.0,12.9,12.0,12.9, 0.00,1704
100/05/13,1883724,23737025,12.7,12.8,12.5,12.55,-0.35,703
100/05/16,1537496,19368048,12.6,12.75,12.5,12.55, 0.00,490
100/05/17,1910087,23798919,12.55,12.65,12.3,12.4,-0.15,498
100/05/18,1047293,13018176,12.4,12.55,12.3,12.55,+0.15,359
100/05/19,3915582,50225701,12.45,13.05,12.45,12.65,+0.10,1100
100/05/20,1324013,16505412,12.65,12.75,12.3,12.5,-0.15,436
100/05/23,2349230,27906629,12.2,12.3,11.65,11.65,-0.85,734
100/05/24,5094241,56086111,11.2,11.3,10.85,10.85,-0.80,1286
100/05/25,6606293,75548980,10.75,11.6,10.75,11.25,+0.40,1571
100/05/26,1652885,18630442,11.25,11.45,11.15,11.45,+0.20,562
100/05/27,1761917,20452052,11.45,11.8,11.3,11.5,+0.05,622
100/05/30,2373994,28146527,11.9,12.05,11.6,11.75,+0.25,730
100/05/31,1084339,12845884,11.9,11.95,11.8,11.9,+0.15,366
100/06/01,2378482,28928729,12.0,12.3,11.9,12.1,+0.20,763
100/06/02,965394,11307919,11.7,11.9,11.6,11.7,-0.40,360
100/06/03,717296,8478742,11.75,12.0,11.65,11.8,+0.10,236
100/06/07,623233,7362287,11.9,11.95,11.65,11.8, 0.00,242
100/06/08,604918,7165139,11.95,12.0,11.75,11.8, 0.00,253
100/06/09,714362,8362199,11.95,11.95,11.6,11.65,-0.15,248
100/06/10,683200,7967420,11.8,11.8,11.45,11.5,-0.15,271
100/06/13,934985,10431435,11.35,11.4,11.0,11.05,-0.45,311
100/06/14,706100,7880919,11.0,11.35,11.0,11.15,+0.10,194
100/06/15,806332,8878267,11.2,11.25,10.85,10.95,-0.20,287
100/06/16,950268,10097763,10.85,10.9,10.5,10.55,-0.40,324
100/06/17,2310443,23253939,10.3,10.75,9.82,9.84,-0.71,665
100/06/20,2631864,24587705,9.8,10.05,9.16,9.16,-0.68,730
100/06/21,2468640,23529641,9.19,9.8,9.05,9.8,+0.64,802
100/06/22,1074188,11225263,10.45,10.45,10.45,10.45,+0.65,295
100/06/23,4401732,48244223,11.05,11.1,10.5,11.1,+0.65,1364
100/06/24,1817415,19441931,11.0,11.0,10.5,10.55,-0.55,598
100/06/27,1067663,11313076,10.5,10.9,10.2,10.7,+0.15,432
100/06/28,1753826,19686015,10.8,11.4,10.7,11.4,+0.70,557
100/06/29,3555144,41985981,11.7,12.05,11.55,11.7,+0.30,1153
100/06/30,1608249,19098938,11.85,12.2,11.7,11.75,+0.05,538
100/07/01,1834351,21174701,11.85,11.9,11.4,11.4,-0.35,566
100/07/04,1462440,17278504,11.6,12.0,11.6,11.7,+0.30,496
100/07/05,1761110,20937603,11.6,12.1,11.55,11.7, 0.00,552
100/07/06,1093400,12861290,11.7,11.9,11.6,11.7, 0.00,354
100/07/07,836969,9806892,11.85,11.9,11.6,11.6,-0.10,328
100/07/08,1047595,12043150,11.65,11.75,11.4,11.4,-0.20,318
100/07/11,1267275,13951725,11.3,11.3,10.65,11.05,-0.35,497
100/07/12,1141100,12053884,10.9,10.9,10.35,10.35,-0.70,444
100/07/13,1049600,10938529,10.3,10.65,10.2,10.35, 0.00,353
100/07/14,973898,10150642,10.55,10.65,10.1,10.4,+0.05,325
100/07/15,920552,9807326,10.35,10.75,10.3,10.7,+0.30,276
100/07/18,711843,7636741,11.0,11.0,10.6,10.65,-0.05,228
100/07/19,462055,4870424,10.4,10.7,10.4,10.5,-0.15,154
100/07/20,757140,8146947,10.9,10.9,10.6,10.75,+0.25,307
100/07/21,503853,5379297,10.75,10.8,10.6,10.65,-0.10,191
100/07/22,1601606,17596971,11.0,11.2,10.8,10.95,+0.30,462
100/07/25,1516703,16776215,11.0,11.4,10.8,11.15,+0.20,460
100/07/26,2691415,31744288,11.45,11.9,11.3,11.9,+0.75,643
100/07/27,4470154,56534203,12.65,12.7,12.4,12.7,+0.80,1259
100/07/28,9911165,131153385,12.7,13.55,12.3,13.55,+0.85,2643
100/07/29,11042610,155834412,14.0,14.45,13.55,14.15,+0.60,3700
100/08/01,5933330,82782752,14.5,14.8,13.3,13.6,-0.55,2128
100/08/02,3859275,53332445,13.6,14.15,13.3,13.9,+0.30,1266
100/08/03,2876799,38782615,13.35,13.8,13.0,13.75,-0.15,1063
100/08/04,2938034,39611793,13.95,14.0,13.1,13.1,-0.65,1070
100/08/05,1782427,21745608,12.2,12.2,12.2,12.2,-0.90,502
100/08/08,2278214,26074127,11.35,12.0,11.35,11.35,-0.85,670
100/08/09,4316474,47130638,10.6,11.95,10.6,11.9,+0.55,1138
100/08/10,3914384,47095208,12.0,12.35,11.7,11.9, 0.00,1161
100/08/11,2655558,29854011,11.15,11.6,11.1,11.2,-0.70,884
100/08/12,4056031,48153320,11.6,11.95,11.5,11.95,+0.75,1055
100/08/15,2538857,30579234,12.2,12.3,11.75,11.95, 0.00,806
100/08/16,2124173,25599355,12.1,12.35,11.75,11.8,-0.15,699
100/08/17,1626000,19112050,11.75,12.0,11.55,11.6,-0.20,557
100/08/18,1545220,17328946,11.6,11.6,10.9,11.0,-0.60,555
100/08/19,2210448,22897539,10.4,10.75,10.25,10.25,-0.75,674
100/08/22,2025206,19798315,9.54,10.4,9.54,9.7,-0.55,632
100/08/23,1394168,14078246,9.9,10.3,9.9,10.2,+0.50,472
100/08/24,1125733,11776248,10.3,10.65,10.3,10.3,+0.10,408
100/08/25,1088112,11302231,10.35,10.75,10.1,10.35,+0.05,380
100/08/26,1106000,11288550,10.4,10.5,10.05,10.1,-0.25,366
100/08/29,1376000,14625750,10.4,10.75,10.4,10.65,+0.55,496
100/08/30,1432165,15572123,11.0,11.05,10.7,10.8,+0.15,455
100/08/31,1168571,12522671,10.6,11.0,10.45,11.0,+0.20,423
100/09/01,1807425,19328919,11.0,11.2,10.3,10.4,-0.60,686
100/09/02,1510110,15271022,10.15,10.3,10.0,10.2,-0.20,517
100/09/05,790535,7914906,10.0,10.15,9.85,10.0,-0.20,284
100/09/06,993000,9993160,10.0,10.25,9.8,9.95,-0.05,303
100/09/07,595511,6014510,10.1,10.2,10.0,10.15,+0.20,211
100/09/08,539890,5509081,10.25,10.35,10.05,10.15, 0.00,199
100/09/09,671411,6795308,10.2,10.2,10.05,10.1,-0.05,207
100/09/13,777000,7841200,10.0,10.2,9.95,10.2,+0.10,231
100/09/14,975000,9816260,10.35,10.35,9.93,9.93,-0.27,283
100/09/15,1619311,17066796,10.35,10.6,10.2,10.6,+0.67,426
100/09/16,2798000,30761750,11.0,11.3,10.8,10.85,+0.25,857
100/09/19,1051180,11176338,10.85,11.0,10.45,10.45,-0.40,364
100/09/20,2980312,33155928,10.9,11.15,10.7,11.15,+0.70,742
100/09/21,3994400,45794959,11.05,11.8,11.0,11.55,+0.40,1134
100/09/22,2106026,23525738,11.2,11.4,10.95,11.15,-0.40,722
100/09/23,1932602,20483720,11.0,11.0,10.4,10.5,-0.65,616
100/09/26,1754106,17800580,10.4,10.7,9.85,9.9,-0.60,606
100/09/27,940110,9692926,10.5,10.5,10.15,10.25,+0.35,371
100/09/28,891553,9062684,10.35,10.4,10.0,10.1,-0.15,307
100/09/29,708609,7214551,10.0,10.35,9.92,10.2,+0.10,238
100/09/30,385287,3942227,10.25,10.4,10.1,10.2, 0.00,152
100/10/03,561025,5629651,10.05,10.15,10.0,10.05,-0.15,202
100/10/04,639200,6381930,9.9,10.1,9.85,10.1,+0.05,237
100/10/05,361015,3621250,10.15,10.15,10.0,10.0,-0.10,148
100/10/06,607469,6153490,10.3,10.3,10.0,10.05,+0.05,229
100/10/07,618000,6238840,10.25,10.3,9.92,9.97,-0.08,240
100/10/11,1017490,10302650,10.05,10.25,10.0,10.05,+0.08,305
100/10/12,1337745,13800409,10.2,10.55,10.05,10.4,+0.35,473
100/10/13,1092409,11209341,10.5,10.55,10.15,10.2,-0.20,321
100/10/14,641542,6595151,10.2,10.4,10.15,10.25,+0.05,235
100/10/17,815200,8334999,10.4,10.4,10.15,10.2,-0.05,270
100/10/18,781000,7824880,10.05,10.15,9.98,10.1,-0.10,261
100/10/19,943799,9508482,10.3,10.3,10.0,10.0,-0.10,259
100/10/20,540000,5389610,10.0,10.1,9.91,9.91,-0.09,199
100/10/21,545495,5387323,9.9,10.0,9.82,9.9,-0.01,213
100/10/24,631000,6331560,10.15,10.2,9.95,10.0,+0.10,231
100/10/25,668001,6696660,10.1,10.1,9.98,10.0, 0.00,210
100/10/26,708413,7056206,10.1,10.1,9.92,9.93,-0.07,228
100/10/27,784886,7813406,9.93,10.0,9.91,9.92,-0.01,255
100/10/28,724632,7212233,10.05,10.1,9.88,9.88,-0.04,310
100/10/31,3694542,37846007,10.0,10.55,9.4,10.55,+0.67,1109
100/11/01,1885336,19461473,10.4,10.5,10.15,10.35,-0.20,644
100/11/02,1089165,11091966,10.1,10.35,10.05,10.15,-0.20,341
100/11/03,1281385,13250238,10.3,10.5,10.2,10.2,+0.05,418
100/11/04,4454238,48189369,10.55,10.9,10.35,10.9,+0.70,1064
100/11/07,4435268,50359318,11.0,11.65,11.0,11.65,+0.75,1066
100/11/08,3673869,42252331,11.9,12.0,11.15,11.15,-0.50,1138
100/11/09,2997360,34601933,11.2,11.85,11.2,11.45,+0.30,909
100/11/10,2964190,32651690,10.9,11.3,10.7,10.95,-0.50,756
100/11/11,1477300,16284044,10.9,11.2,10.9,11.1,+0.15,479
100/11/14,1177229,13080569,11.2,11.35,10.9,11.0,-0.10,384
100/11/15,665999,7222188,11.2,11.2,10.75,10.8,-0.20,252
100/11/16,1512333,16753728,10.6,11.4,10.6,11.1,+0.30,531
100/11/17,4163500,48683723,11.85,11.85,11.45,11.7,+0.60,1144
100/11/18,2029457,22936471,11.3,11.55,11.2,11.2,-0.50,581
100/11/21,1789105,18962647,11.0,11.0,10.45,10.45,-0.75,591
100/11/22,1313000,13236500,10.0,10.25,10.0,10.05,-0.40,438
100/11/23,1579672,15525825,10.0,10.05,9.37,9.45,-0.60,474
100/11/24,1798110,16350322,8.8,9.45,8.8,9.23,-0.22,557
100/11/25,1035201,9758495,9.3,9.7,9.23,9.34,+0.11,331
100/11/28,717110,7016468,9.4,9.98,9.4,9.98,+0.64,243
100/11/29,828352,8300040,10.0,10.25,9.83,9.96,-0.02,313
100/11/30,2412126,22815471,9.9,9.9,9.27,9.27,-0.69,909
100/12/01,1628222,15528529,9.5,9.75,9.37,9.55,+0.28,557
100/12/02,723180,6822819,9.7,9.7,9.36,9.4,-0.15,267
100/12/05,561055,5261025,9.4,9.5,9.27,9.27,-0.13,183
100/12/06,723418,6613672,9.27,9.27,9.0,9.08,-0.19,256
100/12/07,259501,2366349,9.1,9.27,9.02,9.04,-0.04,131
100/12/08,620000,5584320,9.04,9.21,8.82,9.1,+0.06,221
100/12/09,515000,4598200,8.86,9.02,8.71,9.02,-0.08,203
100/12/12,463365,4242109,9.1,9.28,9.09,9.1,+0.08,168
100/12/13,321400,2895990,9.0,9.21,8.81,9.21,+0.11,207
100/12/14,1663402,16037129,9.25,9.84,9.25,9.8,+0.59,592
100/12/15,953000,8957630,9.5,9.65,9.3,9.33,-0.47,347
100/12/16,643838,5923524,9.35,9.38,9.1,9.25,-0.08,276
100/12/19,770000,6839130,9.01,9.17,8.8,8.8,-0.45,312
100/12/20,1496055,13928731,8.91,9.41,8.91,9.3,+0.50,504
100/12/21,1393180,13317127,9.7,9.8,9.48,9.54,+0.24,493
100/12/22,856400,8000887,9.54,9.54,9.22,9.22,-0.32,297
100/12/23,1259110,12043815,9.7,9.7,9.5,9.51,+0.29,386
100/12/26,928426,8780576,9.45,9.58,9.36,9.48,-0.03,278
100/12/27,1786000,16937250,9.45,9.8,9.29,9.69,+0.21,515
100/12/28,2601500,26040629,9.72,10.3,9.69,9.94,+0.25,824
100/12/29,1650780,16410460,9.8,10.1,9.74,9.95,+0.01,511
100/12/30,1349000,13551580,10.3,10.3,9.85,9.85,-0.10,383
101/01/02,773410,7482515,9.93,9.93,9.5,9.53,-0.32,264
101/01/03,454121,4382561,9.58,9.77,9.58,9.6,+0.07,200
101/01/04,1843091,18374030,9.71,10.2,9.71,10.1,+0.50,594
101/01/05,3827891,40181871,10.1,10.8,10.05,10.8,+0.70,1095
101/01/06,3859501,42218209,10.9,11.3,10.35,10.7,-0.10,1114
101/01/09,2124479,21980187,10.7,10.7,10.1,10.2,-0.50,666
101/01/10,1293590,13400917,10.4,10.55,10.2,10.2, 0.00,391
101/01/11,1677510,16927130,10.0,10.4,9.98,10.0,-0.20,543
101/01/12,2561224,24895576,10.05,10.1,9.55,9.6,-0.40,1137
101/01/13,1874000,17672645,9.75,9.75,9.27,9.38,-0.22,604
101/01/16,806001,7666909,9.75,9.75,9.41,9.42,+0.04,290
101/01/17,1512500,14695543,9.44,9.95,9.42,9.8,+0.38,496
101/01/18,1240251,12087579,9.81,9.83,9.66,9.71,-0.09,469
101/01/30,4244173,39332347,9.04,9.6,9.04,9.25,-0.46,1194
101/01/31,3925826,38350118,9.25,9.89,9.25,9.89,+0.64,909
101/02/01,4005916,41692375,10.2,10.55,10.0,10.45,+0.56,1061
101/02/02,3854105,40175792,10.5,10.7,10.2,10.55,+0.10,992
101/02/03,4287204,46986573,10.55,11.2,10.3,11.0,+0.45,1150
101/02/04,4487657,50377927,11.2,11.65,10.9,11.1,+0.10,1015
101/02/06,2041704,22541370,11.3,11.35,10.8,10.9,-0.20,656
101/02/07,1798490,19697488,11.0,11.1,10.7,11.0,+0.10,505
101/02/08,2699274,30440745,11.1,11.4,11.1,11.3,+0.30,756
101/02/09,2612430,29584218,11.4,11.65,11.1,11.2,-0.10,764
101/02/10,2637556,29047116,11.2,11.4,10.8,10.9,-0.30,734
101/02/13,2276900,25181959,10.9,11.3,10.65,11.3,+0.40,674
101/02/14,6828817,80281092,11.6,12.05,11.35,12.05,+0.75,1736
101/02/15,6019865,76637713,12.35,12.85,12.35,12.85,+0.80,1319
101/02/16,11307857,146815259,13.65,13.65,12.05,12.2,-0.65,2770
101/02/17,5554311,67033612,12.5,12.8,11.55,11.85,-0.35,1567
101/02/20,1696934,20394901,12.0,12.2,11.8,12.15,+0.30,531
101/02/21,3681310,42894305,12.15,12.2,11.3,11.75,-0.40,1034
101/02/22,2825500,33486948,11.65,12.05,11.6,11.75, 0.00,769
101/02/23,2197100,25980269,11.75,12.0,11.65,11.75, 0.00,589
101/02/24,1769227,20784759,11.75,11.9,11.6,11.6,-0.15,504
101/02/29,7347185,90808442,12.4,12.4,12.1,12.4,+0.80,1640
101/03/01,4532735,53596883,12.05,12.05,11.65,11.75,-0.65,1302
101/03/02,2239967,26237166,11.75,11.85,11.6,11.65,-0.10,734
101/03/03,1636252,19027071,11.65,11.75,11.5,11.7,+0.05,503
101/03/05,1865947,21525845,11.7,11.8,11.4,11.45,-0.25,507
101/03/06,2650954,29204387,11.2,11.4,10.65,11.1,-0.35,822
101/03/07,1391707,15012012,10.45,11.05,10.4,10.8,-0.30,494
101/03/08,2544370,27750451,11.0,11.25,10.7,10.95,+0.15,1224
101/03/09,1631407,18221416,11.05,11.3,11.0,11.2,+0.25,514
101/03/12,1286899,14126282,11.2,11.3,10.6,10.95,-0.25,385
101/03/13,705349,7714415,10.65,11.2,10.65,10.9,-0.05,263
101/03/14,1336045,14717787,11.15,11.25,10.85,10.9, 0.00,387
101/03/15,1066402,11591930,11.0,11.0,10.8,10.85,-0.05,345
101/03/16,988385,10811073,10.95,11.1,10.85,10.85, 0.00,374
101/03/19,779139,8490798,10.9,11.1,10.85,10.85, 0.00,248
101/03/20,814550,8729806,10.95,10.95,10.65,10.65,-0.20,274
101/03/21,1290804,13465541,10.6,10.75,10.3,10.5,-0.15,440
101/03/22,868167,9122002,10.65,10.7,10.4,10.5, 0.00,280
101/03/23,835664,8745605,10.5,10.55,10.35,10.5, 0.00,273
101/03/26,649093,6734965,10.5,10.5,10.35,10.45,-0.05,252
101/03/27,3317033,35774566,10.6,11.15,10.25,11.15,+0.70,897
101/03/28,6543453,75535618,11.85,11.85,11.2,11.3,+0.15,1818
101/03/29,14905629,176848776,11.5,12.05,11.3,12.05,+0.75,3443
101/03/30,9885930,120120993,12.4,12.5,11.7,12.1,+0.05,2438
101/04/02,5323313,61636381,12.1,12.1,11.3,11.35,-0.75,1430
101/04/03,5905710,63240231,10.6,11.15,10.6,10.65,-0.70,1469
101/04/05,2520511,25496357,10.0,10.4,9.91,10.25,-0.40,771
101/04/06,1336110,14103626,10.5,10.7,10.35,10.6,+0.35,504
101/04/09,1055104,10895225,10.3,10.5,10.2,10.25,-0.35,372
101/04/10,1519001,15791259,10.35,10.6,10.2,10.25, 0.00,470
101/04/11,1218798,12481217,10.05,10.4,10.05,10.2,-0.05,398
101/04/12,934982,9684362,10.2,10.5,10.2,10.3,+0.10,327
101/04/13,1535652,16083280,10.5,10.55,10.35,10.5,+0.20,473
101/04/16,761167,7880803,10.3,10.5,10.3,10.3,-0.20,239
101/04/17,1172000,12029300,10.3,10.5,10.1,10.15,-0.15,343
101/04/18,763551,7776710,10.4,10.4,10.1,10.15, 0.00,257
101/04/19,923001,9290610,10.2,10.25,10.0,10.1,-0.05,268
101/04/20,1013632,10160622,10.2,10.25,9.83,9.91,-0.19,334
101/04/23,1178200,11356318,9.92,9.98,9.3,9.4,-0.51,432
101/04/24,1063005,9960317,9.24,9.52,9.24,9.4, 0.00,345
101/04/25,872201,8323328,9.49,9.6,9.45,9.6,+0.20,277
101/04/26,703385,6691366,9.63,9.63,9.45,9.48,-0.12,259
101/04/27,687989,6562789,9.6,9.64,9.48,9.48, 0.00,233
101/04/30,461960,4351871,9.57,9.57,9.35,9.51,+0.03,164
101/05/02,2283845,22834616,9.41,10.15,9.4,10.15,+0.64,539
101/05/03,1267240,12978023,10.15,10.4,10.0,10.1,-0.05,364
101/05/04,884110,9030891,9.98,10.35,9.9,10.2,+0.10,270
101/05/07,667961,6715110,9.8,10.2,9.8,10.1,-0.10,217
101/05/08,597150,6103122,10.15,10.3,10.15,10.2,+0.10,195
101/05/09,656150,6641900,10.1,10.3,10.0,10.05,-0.15,186
101/05/10,757141,7644495,10.05,10.3,9.95,9.95,-0.10,252
101/05/11,762110,7424742,9.95,9.95,9.52,9.58,-0.37,254
101/05/14,1059715,10031147,9.65,9.77,9.24,9.25,-0.33,238
101/05/15,1723004,16517198,9.2,9.89,8.91,9.89,+0.64,535
101/05/16,1023000,9784280,9.84,9.84,9.41,9.51,-0.38,373
101/05/17,632440,6050796,9.51,9.7,9.4,9.61,+0.10,238
101/05/18,746594,6937664,9.21,9.36,9.21,9.29,-0.32,248
101/05/21,468025,4412525,9.29,9.5,9.29,9.43,+0.14,161
101/05/22,674100,6398832,9.6,9.6,9.42,9.47,+0.04,202
101/05/23,272002,2536248,9.47,9.47,9.22,9.26,-0.21,123
101/05/24,433600,3967430,9.3,9.32,9.02,9.05,-0.21,174
101/05/25,484893,4406119,9.05,9.28,9.02,9.05, 0.00,160
101/05/28,234867,2137308,9.06,9.2,9.06,9.15,+0.10,96
101/05/29,751800,7120015,9.19,9.59,9.17,9.57,+0.42,279
101/05/30,399421,3779509,9.59,9.59,9.41,9.41,-0.16,158
101/05/31,573501,5443758,9.21,9.8,9.2,9.63,+0.22,222
101/06/01,653305,6140446,9.6,9.6,9.26,9.34,-0.29,225
101/06/04,984916,8848226,9.1,9.1,8.85,8.9,-0.44,279
101/06/05,560000,5117570,9.1,9.3,9.01,9.05,+0.15,179
101/06/06,450050,4100343,9.06,9.25,9.05,9.1,+0.05,174
101/06/07,547000,5020640,9.2,9.32,9.02,9.09,-0.01,162
101/06/08,529551,4792739,9.15,9.15,9.0,9.01,-0.08,158
101/06/11,386275,3499735,9.15,9.15,9.0,9.01, 0.00,131
101/06/12,468000,4138770,8.76,8.99,8.76,8.84,-0.17,187
101/06/13,386000,3467940,8.99,9.06,8.85,8.99,+0.15,143
101/06/14,234548,2097776,8.99,8.99,8.9,8.92,-0.07,90
101/06/15,676131,6041639,8.92,9.01,8.88,8.92, 0.00,214
101/06/18,549001,4992129,9.16,9.16,9.02,9.05,+0.13,178
101/06/19,348057,3142363,9.0,9.2,8.92,8.96,-0.09,142
101/06/20,308769,2778612,9.04,9.1,8.96,9.0,+0.04,133
101/06/21,303862,2729562,9.09,9.1,8.93,8.96,-0.04,140
101/06/22,367103,3277789,8.83,9.08,8.8,9.08,+0.12,132
101/06/25,211495,1894050,8.97,9.02,8.91,8.94,-0.14,87
101/06/26,305300,2714171,8.95,8.99,8.8,8.85,-0.09,124
101/06/27,713723,6429979,8.86,9.12,8.85,9.02,+0.17,272
101/06/28,468123,4221464,9.1,9.12,8.88,8.88,-0.14,194
101/06/29,276716,2470273,8.85,9.0,8.85,8.91,+0.03,112
101/07/02,336000,3048000,9.19,9.19,8.95,9.0,+0.09,127
101/07/03,908112,8380330,9.1,9.35,9.05,9.22,+0.22,348
101/07/04,606861,5662857,9.3,9.43,9.25,9.34,+0.12,217
101/07/05,252890,2330727,9.39,9.39,9.16,9.18,-0.16,128
101/07/06,245001,2221769,9.24,9.24,9.03,9.05,-0.13,119
101/07/09,275055,2468628,9.05,9.05,8.92,8.93,-0.12,125
101/07/10,276245,2470082,9.05,9.05,8.86,8.91,-0.02,117
101/07/11,293175,2606189,8.91,8.92,8.81,8.84,-0.07,131
101/07/12,494100,4357670,8.83,8.85,8.8,8.83,-0.01,137
101/07/13,613000,5373410,8.8,8.83,8.7,8.74,-0.09,148
101/07/16,680011,5724300,8.75,8.76,8.13,8.15,-0.59,266
101/07/17,745552,6009757,8.15,8.2,7.95,8.0,-0.15,253
101/07/18,406451,3268371,8.05,8.19,7.93,7.93,-0.07,149
101/07/19,260388,2077712,7.96,8.04,7.94,7.94,+0.01,105
101/07/20,516100,4052776,7.95,8.0,7.8,7.8,-0.14,187
101/07/23,803145,5929362,7.52,7.79,7.26,7.26,-0.54,284
101/07/24,884211,6193239,6.9,7.2,6.9,7.01,-0.25,219
101/07/25,971165,6744504,6.55,7.25,6.55,7.06,+0.05,274
101/07/26,525000,3788480,7.15,7.38,7.07,7.21,+0.15,207
101/07/27,714450,5339461,7.3,7.57,7.3,7.45,+0.24,268
101/07/30,265550,1979094,7.6,7.6,7.33,7.39,-0.06,127
101/07/31,201369,1491623,7.34,7.5,7.34,7.38,-0.01,99
101/08/01,229000,1692030,7.35,7.43,7.33,7.39,+0.01,98
101/08/03,286023,2067414,7.39,7.39,7.15,7.15,-0.24,119
101/08/06,449475,3251913,7.3,7.32,7.12,7.3,+0.15,147
101/08/07,340991,2483975,7.33,7.38,7.21,7.23,-0.07,126
101/08/08,360275,2600085,7.16,7.29,7.16,7.2,-0.03,122
101/08/09,443055,3265167,7.2,7.52,7.2,7.45,+0.25,189
101/08/10,1247000,9809140,7.9,7.97,7.6,7.97,+0.52,414
101/08/13,753661,6421191,8.52,8.52,8.52,8.52,+0.55,248
101/08/14,805208,7335444,9.11,9.11,9.11,9.11,+0.59,233
101/08/15,5689716,54747316,9.74,9.74,9.25,9.5,+0.39,1510
101/08/16,2058522,18996451,9.48,9.48,9.0,9.27,-0.23,643
101/08/17,2712666,26426176,9.43,9.91,9.13,9.91,+0.64,689
101/08/20,6037600,63420127,10.6,10.6,10.0,10.5,+0.59,1527
101/08/21,3137742,33054592,10.2,10.9,10.1,10.4,-0.10,1045
101/08/22,2790063,30816648,10.8,11.1,10.65,11.1,+0.70,583
101/08/23,7292522,84014032,11.45,11.85,11.15,11.85,+0.75,1957
101/08/24,10204343,127914950,12.1,12.65,12.0,12.65,+0.80,2861
101/08/27,7014185,90283710,12.85,13.3,12.3,12.6,-0.05,2310
101/08/28,6049582,72679716,12.6,12.6,11.8,11.9,-0.70,1903
101/08/29,6691051,83970746,11.85,12.7,11.85,12.7,+0.80,1778
101/08/30,7664807,100796791,12.7,13.5,12.7,13.1,+0.40,2451
101/08/31,4096978,53201369,13.0,13.35,12.8,12.8,-0.30,1456
101/09/03,3872798,49690201,12.8,13.25,12.6,12.65,-0.15,1390
101/09/04,5868608,78329205,13.0,13.5,12.85,13.5,+0.85,1559
101/09/05,3896018,55386457,13.7,14.4,13.7,14.4,+0.90,1040
101/09/06,15122052,223742278,15.4,15.4,13.8,14.1,-0.30,4714
101/09/07,6705453,97325911,14.3,14.75,14.15,14.6,+0.50,2045
101/09/10,1056100,14362960,13.6,13.6,13.6,13.6,-1.00,371
101/09/11,2188697,27687015,12.65,12.65,12.65,12.65,-0.95,497
101/09/12,15181737,193000860,12.15,13.5,12.15,13.5,+0.85,3798
101/09/13,10851616,143572289,13.2,13.85,13.0,13.0,-0.50,2997
101/09/14,6857899,88854174,13.35,13.35,12.6,12.6,-0.40,2070
101/09/17,4238325,54611574,12.8,13.1,12.7,12.8,+0.20,1143
101/09/18,7702939,103482860,13.0,13.65,12.8,13.65,+0.85,2284
101/09/19,5472580,73282404,13.65,13.7,13.2,13.3,-0.35,1493
101/09/20,7932742,109363412,13.3,14.15,13.2,13.75,+0.45,2187
101/09/21,5097255,70627767,14.1,14.15,13.5,13.8,+0.05,1615
101/09/24,5809540,80929197,14.2,14.2,13.65,13.7,-0.10,1569
101/09/25,5319091,70710234,13.7,13.8,12.8,13.05,-0.65,1600
101/09/26,3480602,44896745,13.0,13.2,12.75,12.8,-0.25,1009
101/09/27,2203580,28154484,12.6,13.0,12.6,12.65,-0.15,746
101/09/28,2446395,31029864,12.8,12.9,12.5,12.6,-0.05,698
101/10/01,3309646,44294133,13.3,13.45,12.85,13.45,+0.85,782
101/10/02,5092474,73076997,14.35,14.35,14.35,14.35,+0.90,1200
101/10/03,12137198,174501472,14.35,14.8,14.0,14.1,-0.25,3517
101/10/04,7768859,111793630,14.2,14.8,13.75,14.7,+0.60,2474
101/10/05,5705300,82952652,14.7,14.9,14.35,14.35,-0.35,1809
101/10/08,5015496,72340793,14.35,14.7,14.1,14.2,-0.15,1394
101/10/09,4562420,63495636,14.2,14.3,13.65,13.65,-0.55,1207
101/10/11,6937783,97775177,13.8,14.5,13.45,14.0,+0.35,1910
101/10/12,7467585,107343380,14.5,14.6,14.0,14.35,+0.35,2229
101/10/15,5022403,69620496,14.4,14.4,13.65,13.7,-0.65,1536
101/10/16,3331110,45988555,13.8,14.05,13.6,13.75,+0.05,1105
101/10/17,2840786,39168523,13.95,14.0,13.65,13.65,-0.10,969
101/10/18,3501075,48773687,13.8,14.1,13.65,13.9,+0.25,1147
101/10/19,1932620,26658555,13.8,13.95,13.7,13.7,-0.20,641
101/10/22,3316815,43888445,13.3,13.45,13.1,13.15,-0.55,1133
101/10/23,2407300,31764895,13.4,13.4,13.05,13.05,-0.10,798
101/10/24,2944792,38136404,12.85,13.2,12.75,12.8,-0.25,990
101/10/25,2776506,35942575,12.95,13.15,12.8,12.8, 0.00,852
101/10/26,5539805,67631867,12.95,12.95,11.95,11.95,-0.85,1595
101/10/29,4192540,47617770,12.0,12.0,11.15,11.15,-0.80,1179
101/10/30,3257645,38455924,11.15,11.9,11.15,11.9,+0.75,969
101/10/31,2890494,35276125,12.15,12.45,12.0,12.2,+0.30,951
101/11/01,6221806,71253787,11.35,11.95,11.35,11.55,-0.65,1675
101/11/02,5044200,56226927,11.6,11.7,10.75,10.85,-0.70,1628
101/11/05,1476300,16106985,10.8,11.1,10.7,10.9,+0.05,545
101/11/06,2736219,29312864,11.05,11.1,10.5,10.9, 0.00,856
101/11/07,2462461,27359564,11.0,11.3,10.9,11.1,+0.20,795
101/11/08,1500189,16208719,10.65,11.0,10.65,10.85,-0.25,502
101/11/09,4136385,47372063,10.9,11.6,10.85,11.6,+0.75,1181
101/11/12,3327166,38018424,11.8,11.8,11.25,11.25,-0.35,947
101/11/13,2574900,28028189,11.3,11.35,10.55,10.65,-0.60,838
101/11/14,3470695,39047336,10.65,11.35,10.65,11.35,+0.70,952
101/11/15,3641308,41620953,11.35,11.65,11.05,11.5,+0.15,1147
101/11/16,2123099,24162797,11.35,11.65,11.2,11.2,-0.30,768
101/11/19,1413704,15689200,11.3,11.4,10.9,10.9,-0.30,516
101/11/20,974140,10716582,11.2,11.2,10.9,10.9, 0.00,392
101/11/21,1246200,13564850,10.9,11.05,10.7,10.9, 0.00,404
101/11/22,812699,8877232,11.0,11.1,10.85,10.95,+0.05,306
101/11/23,5027124,58662648,11.2,11.7,11.2,11.7,+0.75,1093
101/11/26,7399143,89010566,12.1,12.35,11.65,12.1,+0.40,1920
101/11/27,2247991,26676689,11.6,12.1,11.6,11.85,-0.25,759
101/11/28,2389701,28646662,11.75,12.2,11.7,12.0,+0.15,789
101/11/29,2671848,31903113,12.2,12.2,11.75,11.75,-0.25,840
101/11/30,2985826,35097422,11.9,11.95,11.6,11.7,-0.05,899
101/12/03,3581733,42975921,11.95,12.25,11.8,11.95,+0.25,1003
101/12/04,5734856,69290217,11.95,12.4,11.75,12.4,+0.45,1674
101/12/05,4411833,53635073,12.4,12.4,12.0,12.2,-0.20,1145
101/12/06,3653018,43953907,12.15,12.4,11.75,11.8,-0.40,1138
101/12/07,5189699,62793365,12.3,12.3,11.9,12.05,+0.25,1379
101/12/10,3673800,43804669,12.05,12.05,11.75,11.9,-0.15,979
101/12/11,9913779,125845942,12.7,12.7,12.5,12.7,+0.80,1939
101/12/12,12935217,167769321,12.95,13.5,12.4,13.1,+0.40,3213
101/12/13,5247002,68033923,13.0,13.25,12.8,12.95,-0.15,1672
101/12/14,3261224,41609881,12.95,12.95,12.6,12.6,-0.35,1198
101/12/17,3645355,46935472,12.8,13.15,12.6,12.65,+0.05,1193
101/12/18,3102275,38846187,12.8,12.8,12.4,12.45,-0.20,903
101/12/19,3651297,44915751,12.15,12.65,12.1,12.2,-0.25,1176
101/12/20,2677055,32448015,12.2,12.35,12.0,12.05,-0.15,928
101/12/21,2169200,25762429,12.05,12.2,11.8,11.8,-0.25,774
101/12/22,1427411,17165088,12.1,12.1,11.9,12.0,+0.20,491
101/12/24,1509998,18082625,12.0,12.1,11.9,11.9,-0.10,425
101/12/25,4237465,52689017,11.9,12.65,11.9,12.4,+0.50,1315
101/12/26,2998347,36444464,12.2,12.55,12.0,12.15,-0.25,1000
101/12/27,1593400,19278409,12.15,12.2,12.05,12.05,-0.10,481
101/12/28,1691281,20468205,12.2,12.2,12.0,12.05, 0.00,488
102/01/02,1493550,18070779,12.2,12.2,12.0,12.1,+0.05,479
102/01/03,3551715,43951621,12.2,12.55,12.2,12.3,+0.20,1156
102/01/04,5543157,70237368,12.45,13.0,12.35,12.7,+0.40,1735
102/01/07,3337638,41969180,12.75,12.8,12.4,12.6,-0.10,897
102/01/08,2987674,37887026,12.6,12.95,12.5,12.55,-0.05,911
102/01/09,1914069,23795040,12.55,12.65,12.35,12.35,-0.20,623
102/01/10,2765383,34070979,12.4,12.55,12.15,12.2,-0.15,801
102/01/11,2645180,32435049,12.3,12.45,12.15,12.25,+0.05,706
102/01/14,3069903,37978646,12.4,12.5,12.25,12.5,+0.25,810
102/01/15,4916241,62294308,12.6,12.9,12.5,12.6,+0.10,1326
102/01/16,4539445,56764325,12.75,12.9,12.25,12.35,-0.25,1059
102/01/30,6678863,144994127,22.0,22.0,21.05,21.6,X0.00,2442
102/01/31,3456749,72154414,21.8,21.8,20.5,20.5,-1.10,1430
102/02/01,1361112,27776645,20.55,20.7,20.1,20.4,-0.10,654
102/02/04,1264980,25522079,20.75,20.75,20.0,20.0,-0.40,649
102/02/05,1680337,32772417,19.95,19.95,19.15,19.6,-0.40,709
102/02/06,1045781,20568866,19.6,19.8,19.6,19.6, 0.00,439
102/02/18,1433683,30035623,20.95,20.95,20.95,20.95,+1.35,559
102/02/19,4622807,99305115,21.75,21.8,21.15,21.8,+0.85,1517
102/02/20,2778947,60843429,21.95,22.3,21.6,21.65,-0.15,986
102/02/21,1582100,33731693,21.5,21.55,21.15,21.2,-0.45,635
102/02/22,2498478,54173215,21.5,22.1,21.3,21.7,+0.50,1085
102/02/23,2651067,58028926,21.95,22.15,21.6,21.65,-0.05,1056
102/02/25,2069750,44637838,21.9,21.95,21.2,21.2,-0.45,730
102/02/26,2139567,45911357,21.2,21.75,21.15,21.3,+0.10,793
102/02/27,1853413,39370523,21.45,21.6,21.0,21.0,-0.30,657
102/03/01,1233740,26285175,21.2,21.45,21.15,21.3,+0.30,463
102/03/04,4724150,104144386,21.8,22.5,21.6,21.8,+0.50,1621
102/03/05,2142599,46602369,22.0,22.05,21.5,21.6,-0.20,694
102/03/06,2831492,62316803,21.95,22.25,21.75,21.8,+0.20,965
102/03/07,5687050,129475123,21.85,23.3,21.85,23.3,+1.50,2087
102/03/08,8778464,211951115,23.65,24.9,23.4,24.05,+0.75,3264
102/03/11,5606728,136581422,24.55,24.85,23.8,24.1,+0.05,2067
102/03/12,3411083,81840376,24.3,24.65,23.5,23.5,-0.60,1335
102/03/13,2221733,52937538,23.9,24.3,23.6,23.75,+0.25,895
102/03/14,2263802,52992813,23.75,23.75,23.2,23.2,-0.55,794
102/03/15,3375806,81009246,23.3,24.4,23.3,23.65,+0.45,1168
102/03/18,2435440,56403443,23.35,23.5,22.9,23.0,-0.65,853
102/03/19,1267334,29655866,23.1,23.6,23.1,23.3,+0.30,539
102/03/20,2096503,49629133,23.45,24.05,23.3,23.3, 0.00,838
102/03/21,1516398,35486798,23.5,23.7,23.25,23.25,-0.05,529
102/03/22,3883009,93350446,23.25,24.4,23.25,24.4,+1.15,1389
102/03/25,6279842,157844207,24.85,25.7,24.55,25.25,+0.85,2309
102/03/26,3327825,83099407,25.8,25.8,24.55,24.75,-0.50,1343
102/03/27,1716400,42639978,24.9,25.2,24.65,24.65,-0.10,706
102/03/28,1489404,36662358,24.8,25.0,24.45,24.6,-0.05,612
102/03/29,2762623,69097708,25.4,25.4,24.8,24.8,+0.20,1020
102/04/01,4138010,104577877,25.0,25.65,24.8,25.35,+0.55,1412
102/04/02,2427301,61537175,25.4,25.55,25.1,25.1,-0.25,992
102/04/03,7555370,200455270,25.25,26.85,25.25,26.85,+1.75,2334
102/04/08,7492767,198484838,26.5,27.65,25.5,27.35,+0.50,3006
102/04/09,4406209,117432733,27.0,27.2,26.0,26.3,-1.05,1668
102/04/10,3417747,90164532,26.3,26.95,25.65,26.9,+0.60,1358
102/04/11,6586702,173332227,27.0,27.0,25.8,25.9,-1.00,2332
102/04/12,2345565,61221115,25.9,26.45,25.8,25.8,-0.10,876
102/04/15,3454230,85672811,25.8,25.8,24.4,24.4,-1.40,1459
102/04/16,2590800,63575450,23.0,25.35,23.0,25.0,+0.60,1178
102/04/17,2359762,59802816,25.3,25.7,25.1,25.2,+0.20,964
102/04/18,1772956,44602846,25.0,25.5,24.65,24.95,-0.25,707
102/04/19,4191129,108086956,25.0,26.2,25.0,25.85,+0.90,1565
102/04/22,6388441,168538932,25.85,27.0,25.7,26.4,+0.55,2409
102/04/23,7714932,207656967,26.4,27.5,26.2,26.2,-0.20,2872
102/04/24,5293790,137480958,26.3,26.85,25.25,25.5,-0.70,2093
102/04/25,4201201,108702495,25.5,26.2,25.3,25.7,+0.20,1730
102/04/26,3143897,81412536,26.05,26.3,25.6,25.95,+0.25,1419
102/04/29,4327633,110465821,26.3,26.3,24.95,25.6,-0.35,1605
102/04/30,5806756,149935070,25.95,26.15,25.5,25.5,-0.10,1961
102/05/02,3055490,77247343,25.35,25.75,24.85,24.95,-0.55,1318
102/05/03,2945193,73051179,25.0,25.2,24.6,24.65,-0.30,1237
102/05/06,2788710,69606900,24.75,25.3,24.6,25.15,+0.50,1045
102/05/07,1787846,45159561,25.15,25.5,25.0,25.0,-0.15,793
102/05/08,1625558,40476652,25.3,25.3,24.7,24.75,-0.25,683
102/05/09,1898694,46634036,24.75,25.0,24.4,24.4,-0.35,795
102/05/10,1528745,37014480,24.5,24.65,24.0,24.0,-0.40,721
102/05/13,2714047,66512186,24.1,25.0,24.0,24.35,+0.35,969
102/05/14,1777782,42800384,24.55,24.6,23.8,24.0,-0.35,762
102/05/15,6001532,134672229,22.35,23.2,22.35,22.35,-1.65,2209
102/05/16,3266740,73521120,22.55,22.75,22.25,22.45,+0.10,1222
102/05/17,1594900,36099383,22.45,22.75,22.45,22.6,+0.15,644
102/05/20,891826,20306497,22.65,22.95,22.65,22.75,+0.15,421
102/05/21,3349416,77188958,22.85,23.45,22.4,23.45,+0.70,1231
102/05/22,1536302,35645096,23.45,23.6,22.9,23.0,-0.45,694
102/05/23,8165739,196280397,23.0,24.6,22.9,23.6,+0.60,2152
102/05/24,1863589,44068770,23.65,23.9,23.35,23.4,-0.20,732
102/05/27,971700,22869510,23.75,23.75,23.4,23.55,+0.15,574
102/05/28,1234727,29232660,23.65,23.85,23.5,23.5,-0.05,479
102/05/29,1408200,33241340,23.55,23.8,23.45,23.5, 0.00,529
102/05/30,657695,15381288,23.55,23.65,23.2,23.25,-0.25,309
102/05/31,6598274,159054298,23.7,24.4,23.4,24.25,+1.00,2180
102/06/03,3584927,87832070,23.95,24.85,23.8,24.35,+0.10,1555
102/06/04,2018500,48437849,24.4,24.75,23.6,23.6,-0.75,836
102/06/05,1715665,39981223,23.6,23.8,23.0,23.0,-0.60,742
102/06/06,1667000,38318398,22.9,23.25,22.8,22.8,-0.20,652
102/06/07,1665200,37623847,23.0,23.2,22.25,22.25,-0.55,642
102/06/10,929866,20832128,22.45,22.6,22.2,22.2,-0.05,395
102/06/11,1261398,28642652,22.4,23.0,22.3,22.6,+0.40,606
102/06/13,808200,17918537,22.5,22.5,21.95,21.95,-0.65,374
102/06/14,899790,19704585,22.5,22.5,21.5,21.5,-0.45,346
102/06/17,1484401,32624711,21.6,22.4,21.6,21.85,+0.35,538
102/06/18,844100,18486285,22.0,22.15,21.8,21.85, 0.00,314
102/06/19,971002,21545038,21.95,22.35,21.95,22.2,+0.35,422
102/06/20,683648,14922445,21.8,22.1,21.7,21.75,-0.45,263
102/06/21,1115455,23620887,21.6,21.6,21.0,21.4,-0.35,400
102/06/24,731171,15584205,21.4,21.7,21.1,21.1,-0.30,253
102/06/25,1268066,25706175,21.1,21.1,19.85,20.25,-0.85,498
102/06/26,1064400,21974950,20.9,21.05,20.4,21.05,+0.80,367
102/06/27,1488594,32043359,21.4,21.85,21.1,21.4,+0.35,534
102/06/28,850200,17849509,21.4,21.4,20.6,20.7,-0.70,409
102/07/01,940130,20109458,21.45,21.75,21.05,21.6,+0.90,470
102/07/02,706399,15047129,21.6,21.6,21.0,21.0,-0.60,327
102/07/03,684900,14267403,21.1,21.4,20.45,20.55,-0.45,294
102/07/04,685176,13996501,20.75,20.8,20.15,20.15,-0.40,333
102/07/05,555894,11300452,20.25,20.55,20.2,20.2,+0.05,220
102/07/08,441200,8919818,20.6,20.8,19.9,20.2, 0.00,246
102/07/09,435866,8794483,20.3,20.35,20.0,20.0,-0.20,181
102/07/10,507864,10236642,20.05,20.3,20.0,20.0, 0.00,238
102/07/11,2667897,56338291,20.4,21.4,20.35,21.4,+1.40,944
102/07/12,2379000,54360150,22.85,22.85,22.85,22.85,+1.45,689
102/07/15,5131442,119976623,23.5,23.7,23.0,23.35,+0.50,2226
102/07/16,2408308,55754484,23.85,23.85,22.75,23.2,-0.15,911
102/07/17,1436581,33423513,23.2,23.7,23.0,23.0,-0.20,621
102/07/18,1436493,32520566,23.05,23.3,22.15,22.2,-0.80,625
102/07/19,1165750,25632874,22.2,22.4,21.8,21.8,-0.40,470
102/07/22,1077032,23713540,21.95,22.3,21.65,21.8, 0.00,421
102/07/23,790449,17462270,22.1,22.2,21.95,22.2,+0.40,337
102/07/24,1230061,27644254,22.0,22.8,22.0,22.35,+0.15,537
102/07/25,1714352,38186204,22.4,22.7,22.0,22.0,-0.35,594
102/07/26,756400,16688660,22.3,22.3,22.0,22.0, 0.00,304
102/07/29,1685031,36982466,22.0,22.45,21.6,21.65,-0.35,495
102/07/30,470300,10254007,21.7,22.0,21.7,21.7,+0.05,249
102/07/31,1153941,24384789,21.8,21.9,20.6,20.6,-1.10,501
102/08/01,607499,12615674,20.95,20.95,20.65,20.65,+0.05,257
102/08/02,1329025,27950812,20.75,21.2,20.75,20.8,+0.15,492
102/08/05,866464,18139795,20.9,21.15,20.8,21.05,+0.25,342
102/08/06,1307696,27927452,21.3,21.55,21.1,21.35,+0.30,550
102/08/07,510600,10689620,21.4,21.4,20.8,20.8,-0.55,254
102/08/08,400500,8366197,21.0,21.0,20.8,20.9,+0.10,195
102/08/09,280200,5835209,20.85,21.0,20.7,20.8,-0.10,166
102/08/12,484200,10012326,20.8,20.9,20.55,20.65,-0.15,214
102/08/13,851690,17974108,20.7,21.35,20.7,21.3,+0.65,383
102/08/14,1735265,36631237,20.9,21.4,20.8,21.25,-0.05,499
102/08/15,556140,11613798,21.1,21.1,20.75,20.8,-0.45,244
102/08/16,482338,10005060,20.5,21.05,20.5,20.65,-0.15,230
102/08/19,715020,14608858,20.8,20.8,20.0,20.6,-0.05,350
102/08/20,698725,14134450,20.6,20.65,20.1,20.1,-0.50,315
102/08/22,1872104,39597534,20.0,21.5,20.0,21.5,+1.40,704
102/08/23,4278332,95123204,22.0,22.6,21.8,22.15,+0.65,1703
102/08/26,838866,18373190,21.9,22.15,21.8,21.9,-0.25,400
102/08/27,1139591,24554261,21.9,22.15,21.05,21.15,-0.75,442
102/08/28,729800,15127019,20.5,21.0,20.5,20.8,-0.35,292
102/08/29,430835,9059016,20.9,21.4,20.8,20.8, 0.00,232
102/08/30,388520,8186220,20.85,21.2,20.85,21.15,+0.35,186
102/09/02,653066,13956569,21.35,21.7,21.15,21.7,+0.55,286
102/09/03,1176500,25859996,21.8,22.3,21.8,21.95,+0.25,440
102/09/04,649656,14108588,21.95,22.0,21.45,21.45,-0.50,279
102/09/05,2000615,44658230,22.4,22.8,22.1,22.1,+0.65,774
102/09/06,1021332,22506320,22.4,22.5,21.7,21.75,-0.35,386
102/09/09,443433,9606480,21.75,21.85,21.5,21.6,-0.15,200
102/09/10,507510,10974834,21.8,21.9,21.4,21.5,-0.10,212
102/09/11,968130,20169380,21.1,21.2,20.65,21.0,-0.50,427
102/09/12,1181831,24889451,21.1,21.4,20.8,20.8,-0.20,354
102/09/13,425787,8844986,21.1,21.1,20.65,20.7,-0.10,234
102/09/14,299600,6209020,20.75,20.9,20.6,20.8,+0.10,149
102/09/16,1796825,38747568,20.9,21.85,20.9,21.45,+0.65,714
102/09/17,614344,12966703,21.35,21.4,20.9,20.95,-0.50,248
102/09/18,454235,9495922,21.2,21.2,20.75,20.95, 0.00,230
102/09/23,389280,8249555,21.3,21.3,21.05,21.2,+0.25,207
102/09/24,1843360,40383040,21.8,22.35,21.5,21.8,+0.60,778
102/09/25,575599,12414375,21.8,21.95,21.4,21.6,-0.20,264
102/09/26,455746,9727388,21.4,21.5,21.2,21.3,-0.30,200
102/09/27,580971,12397182,21.7,21.7,21.1,21.2,-0.10,232
102/09/30,401600,8425057,20.8,21.2,20.8,21.1,-0.10,179
102/10/01,617800,13145376,21.15,21.5,21.0,21.1, 0.00,280
102/10/02,928966,19934675,21.4,21.65,21.3,21.3,+0.20,370
102/10/03,845402,18072247,21.3,21.65,21.25,21.25,-0.05,342
102/10/04,691003,14627361,21.4,21.4,21.05,21.1,-0.15,283
102/10/07,2158262,46135710,21.1,21.7,20.9,21.2,+0.10,655
102/10/08,587024,12369854,21.1,21.35,21.0,21.0,-0.20,265
102/10/09,702731,14756230,21.3,21.4,20.8,20.8,-0.20,301
102/10/11,707700,14715400,20.95,21.05,20.5,20.6,-0.20,310
102/10/14,2212565,43099795,20.5,20.5,19.2,19.2,-1.40,814
102/10/15,1825176,35029364,19.2,19.4,18.75,19.15,-0.05,637
102/10/16,1616861,30208525,19.15,19.15,18.45,18.5,-0.65,764
102/10/17,1112791,20840381,18.55,19.0,18.45,18.85,+0.35,520
102/10/18,671134,12737146,19.0,19.15,18.85,19.0,+0.15,312
102/10/21,1862786,35588663,19.0,19.5,18.7,18.85,-0.15,635
102/10/22,849332,16064658,18.75,19.05,18.75,18.9,+0.05,333
102/10/23,1245094,23850318,19.05,19.35,18.9,18.9, 0.00,416
102/10/24,376400,7117610,18.7,19.05,18.7,18.9, 0.00,164
102/10/25,556404,10448563,19.0,19.1,18.6,18.6,-0.30,272
102/10/28,443910,8282381,18.6,18.95,18.5,18.5,-0.10,201
102/10/29,494233,9157997,18.5,18.7,18.4,18.4,-0.10,246
102/10/30,596915,11002936,18.7,18.7,18.25,18.4, 0.00,265
102/10/31,438148,8100322,18.4,18.6,18.4,18.5,+0.10,182
102/11/01,356162,6536271,18.5,18.6,18.15,18.2,-0.30,211
102/11/04,935158,17235163,18.1,18.7,18.1,18.2, 0.00,296
102/11/05,518150,9331280,18.2,18.4,17.85,17.85,-0.35,260
102/11/06,1901570,31966840,17.9,17.9,16.65,16.8,-1.05,757
102/11/07,2081105,33541941,16.8,17.1,15.65,15.7,-1.10,862
102/11/08,931586,14523593,15.8,16.0,15.05,15.35,-0.35,482
102/11/11,2219400,32368265,15.1,15.25,14.3,14.3,-1.05,835
102/11/12,1554670,21802606,14.4,14.4,13.8,14.2,-0.10,635
102/11/13,899833,12814302,13.9,14.5,13.9,14.15,-0.05,382
102/11/14,1726721,25521781,14.35,15.1,14.0,15.1,+0.95,719
102/11/15,954346,14301799,15.4,15.4,14.65,14.7,-0.40,461
102/11/18,1126066,16015819,14.7,14.8,13.9,13.95,-0.75,465
102/11/19,401649,5654586,14.0,14.3,13.95,14.1,+0.15,217
102/11/20,303147,4304058,14.1,14.35,14.05,14.1, 0.00,177
102/11/21,536948,7739346,14.15,14.8,14.05,14.55,+0.45,310
102/11/22,325203,4731840,14.85,14.85,14.3,14.3,-0.25,194
102/11/25,342259,4973704,14.35,14.7,14.35,14.6,+0.30,189
102/11/26,822200,12368050,14.7,15.35,14.6,15.05,+0.45,363
102/11/27,469868,7075174,15.25,15.25,14.95,14.95,-0.10,213
102/11/28,625039,9349928,15.05,15.25,14.8,14.9,-0.05,263
102/11/29,473210,7133756,14.9,15.2,14.9,15.1,+0.20,196
102/12/02,1522998,24486215,15.55,16.15,15.45,16.15,+1.05,484
102/12/03,2061048,33539118,16.4,16.55,15.85,16.05,-0.10,773
102/12/04,562919,9027004,16.2,16.2,15.9,16.0,-0.05,261
102/12/05,534137,8431683,16.1,16.1,15.6,15.8,-0.20,257
102/12/06,410806,6528573,15.85,16.0,15.8,15.85,+0.05,174
102/12/09,458499,7399882,16.2,16.45,15.9,15.9,+0.05,231
102/12/10,1040500,16770973,15.9,16.35,15.85,15.9, 0.00,350
102/12/11,2784333,45764427,16.5,16.85,16.15,16.2,+0.30,995
102/12/12,1157923,18838645,16.0,16.45,16.0,16.35,+0.15,425
102/12/13,626485,10283427,16.35,16.6,16.25,16.45,+0.10,269
102/12/16,457900,7364716,16.5,16.5,15.75,15.95,-0.50,269
102/12/17,431829,6935319,16.2,16.2,15.95,15.95, 0.00,196
102/12/18,266591,4272743,16.0,16.15,15.95,16.0,+0.05,138
102/12/19,963000,15705399,16.2,16.5,16.1,16.1,+0.10,354
102/12/20,283680,4548477,16.1,16.2,15.9,15.9,-0.20,136
102/12/23,290836,4623400,16.0,16.1,15.75,15.9, 0.00,166
102/12/24,728543,11774188,15.95,16.4,15.9,16.05,+0.15,292
102/12/25,463972,7472302,16.2,16.3,16.0,16.05, 0.00,208
102/12/26,497666,8011135,16.05,16.2,16.0,16.15,+0.10,166
102/12/27,761993,12380283,16.25,16.35,16.15,16.15, 0.00,263
102/12/30,483791,7858370,16.3,16.35,16.15,16.2,+0.05,220
102/12/31,2201810,36603147,16.25,16.8,16.25,16.65,+0.45,777
103/01/02,1201906,20394955,16.9,17.15,16.65,17.0,+0.35,512
103/01/03,944313,16034205,16.9,17.15,16.7,17.0, 0.00,370
103/01/06,934576,15854579,17.3,17.35,16.6,16.6,-0.40,446
103/01/07,634563,10657648,16.7,16.95,16.65,16.75,+0.15,244
103/01/08,1101664,18767917,16.8,17.2,16.8,17.0,+0.25,434
103/01/09,4702012,84913559,17.1,18.15,17.1,18.15,+1.15,917
103/01/10,4508574,81935061,18.5,18.5,17.6,17.8,-0.35,1234
103/01/13,4388888,73886666,17.5,17.7,16.6,16.6,-1.20,1493
103/01/14,817200,13439206,16.6,16.65,16.25,16.5,-0.10,361
103/01/15,865798,14473882,16.6,16.9,16.6,16.65,+0.15,328
103/01/16,825500,13725546,16.65,16.75,16.4,16.4,-0.25,314
103/01/17,888056,14593358,16.4,16.7,16.25,16.3,-0.10,338
103/01/20,411465,6698126,16.05,16.5,16.05,16.4,+0.10,204
103/01/21,583880,9633953,16.4,16.7,16.35,16.35,-0.05,229
103/01/22,578057,9404479,16.4,16.5,16.1,16.15,-0.20,217
103/01/23,413965,6695183,16.35,16.35,16.1,16.1,-0.05,173
103/01/24,571900,9145418,16.05,16.15,15.8,15.8,-0.30,221
103/01/27,863633,13229305,15.5,15.7,15.1,15.2,-0.60,397
103/02/05,6838899,106164938,14.5,16.0,14.5,16.0,+0.80,1198
103/02/06,1118800,17931209,16.0,16.2,15.85,16.05,+0.05,431
103/02/07,584700,9352834,16.2,16.25,15.9,15.9,-0.15,289
103/02/10,613833,9835035,16.0,16.15,15.95,16.0,+0.10,246
103/02/11,4997259,80267263,15.7,16.35,15.35,15.75,-0.25,1134
103/02/12,845330,13315180,15.95,16.0,15.5,15.6,-0.15,371
103/02/13,602165,9358373,15.65,15.75,15.4,15.4,-0.20,269
103/02/14,685299,10587036,15.45,15.55,15.35,15.35,-0.05,287
103/02/17,618566,9476223,15.25,15.5,15.2,15.2,-0.15,256
103/02/18,625189,9529469,15.25,15.5,15.15,15.2, 0.00,247
103/02/19,1618661,25095877,15.2,15.75,15.2,15.35,+0.15,486
103/02/20,490673,7541294,15.4,15.5,15.3,15.35, 0.00,206
103/02/21,608901,9371229,15.5,15.5,15.3,15.3,-0.05,275
103/02/24,576684,8831978,15.3,15.4,15.25,15.25,-0.05,247
103/02/25,306400,4699468,15.3,15.4,15.3,15.4,+0.15,151
103/02/26,1136165,17669369,15.45,15.7,15.3,15.3,-0.10,472
103/02/27,1400657,21940347,15.35,15.8,15.35,15.5,+0.20,459
103/03/03,2998431,47886321,15.5,16.2,15.5,16.0,+0.50,1148
103/03/04,817699,12970672,16.0,16.15,15.7,15.85,-0.15,375
103/03/05,1097949,17472747,15.85,16.05,15.8,15.85, 0.00,341
103/03/06,2153054,34750004,15.9,16.25,15.9,16.0,+0.15,657
103/03/07,1080290,17268342,16.2,16.35,15.6,15.65,-0.35,515
103/03/10,620351,9555297,15.65,15.65,15.3,15.35,-0.30,285
103/03/11,492099,7621666,15.35,15.65,15.35,15.4,+0.05,197
103/03/12,405810,6235229,15.35,15.45,15.3,15.4, 0.00,157
103/03/13,448601,6941869,15.45,15.6,15.35,15.4, 0.00,207
103/03/14,447399,6839380,15.25,15.4,15.2,15.25,-0.15,192
103/03/17,625797,9606200,15.3,15.55,15.2,15.35,+0.10,263
103/03/18,482416,7412440,15.35,15.55,15.25,15.35, 0.00,191
103/03/19,1576545,24676346,15.35,15.8,15.35,15.55,+0.20,595
103/03/20,462598,7134644,15.6,15.6,15.35,15.35,-0.20,222
103/03/21,278800,4288889,15.4,15.55,15.3,15.4,+0.05,133
103/03/24,627600,9480800,15.3,15.35,15.0,15.05,-0.35,246
103/03/25,351832,5329112,15.05,15.3,15.05,15.2,+0.15,178
103/03/26,622766,9573013,15.25,15.5,15.25,15.4,+0.20,257
103/03/27,838772,13015409,15.4,15.65,15.3,15.35,-0.05,251
103/03/28,463598,7060497,15.45,15.5,15.05,15.05,-0.30,193
103/03/31,365891,5545603,15.2,15.35,15.1,15.15,+0.10,130
103/04/01,550012,8345131,15.2,15.35,15.05,15.35,+0.20,239
103/04/02,540371,8322184,15.5,15.6,15.25,15.25,-0.10,226
103/04/03,988289,15281507,15.3,15.7,15.15,15.7,+0.45,421
103/04/07,1537833,24100176,15.75,15.8,15.4,15.4,-0.30,397
103/04/08,407733,6270412,15.5,15.5,15.25,15.35,-0.05,155
103/04/09,310896,4773461,15.45,15.45,15.3,15.35, 0.00,116
103/04/10,417813,6417698,15.55,15.55,15.2,15.3,-0.05,170
103/04/11,499344,7564060,15.2,15.3,15.1,15.1,-0.20,224
103/04/14,286214,4338679,15.1,15.25,15.1,15.15,+0.05,128
103/04/15,306762,4661902,15.15,15.25,15.15,15.2,+0.05,112
103/04/16,299899,4547569,15.2,15.25,15.1,15.25,+0.05,138
103/04/17,311660,4759577,15.3,15.4,15.2,15.25, 0.00,152
103/04/18,771757,11909704,15.4,15.5,15.3,15.5,+0.25,310
103/04/21,591402,9156687,15.45,15.6,15.4,15.45,-0.05,206
103/04/22,448598,6969774,15.5,15.6,15.45,15.45, 0.00,195
103/04/23,735473,11508401,15.45,15.75,15.45,15.65,+0.20,330
103/04/24,791441,12213879,15.7,15.75,15.15,15.15,-0.50,272
103/04/25,1321198,19265649,15.2,15.3,14.15,14.4,-0.75,454
103/04/28,632800,8878989,13.8,14.3,13.7,14.2,-0.20,235
103/04/29,414893,5857052,14.25,14.4,13.95,14.1,-0.10,174
103/04/30,280266,3950606,14.1,14.3,14.0,14.0,-0.10,137
103/05/02,275773,3906222,14.1,14.3,14.05,14.1,+0.10,124
103/05/05,532604,7689066,14.15,14.55,14.15,14.45,+0.35,206
103/05/06,168429,2426755,14.5,14.5,14.3,14.4,-0.05,102
103/05/07,453200,6485690,14.4,14.6,14.1,14.3,-0.10,160
103/05/08,201352,2900000,14.5,14.5,14.3,14.45,+0.15,98
103/05/09,218395,3148246,14.55,14.6,14.3,14.3,-0.15,89
103/05/12,134200,1917700,14.5,14.5,14.15,14.15,-0.15,77
103/05/13,382433,5414233,14.25,14.35,14.1,14.1,-0.05,127
103/05/14,402752,5658335,14.15,14.15,13.95,13.95,-0.15,176
103/05/15,249750,3486573,14.15,14.15,13.85,13.9,-0.05,120
103/05/16,960200,13105060,13.9,13.9,13.45,13.6,-0.30,328
103/05/19,254150,3524684,13.8,14.0,13.7,14.0,+0.40,139
103/05/20,373062,5277768,14.05,14.2,14.05,14.15,+0.15,171
103/05/21,799114,11406868,14.15,14.35,14.05,14.2,+0.05,206
103/05/22,227965,3240105,14.3,14.3,14.15,14.15,-0.05,113
103/05/23,233734,3311326,14.15,14.3,14.05,14.1,-0.05,143
103/05/26,1560960,22573220,14.2,14.7,14.15,14.5,+0.40,474
103/05/27,566136,8159843,14.55,14.55,14.35,14.4,-0.10,184
103/05/28,2974309,45138821,14.4,15.4,14.35,15.4,+1.00,1046
103/05/29,5327434,84046128,15.7,16.05,15.45,15.75,+0.35,1889
103/05/30,2373681,36698216,15.8,15.95,15.15,15.15,-0.60,766
103/06/03,824300,12621756,15.4,15.5,15.2,15.25,+0.10,330
103/06/04,691165,10534408,15.25,15.35,15.15,15.25, 0.00,277
103/06/05,1693884,27441452,15.5,16.3,15.5,16.3,+1.05,490
103/06/06,3066552,53357997,17.4,17.4,17.4,17.4,+1.10,840
103/06/09,6379140,110383275,17.95,17.95,16.7,16.75,-0.65,1940
103/06/10,1965925,32797372,16.75,17.05,16.45,16.6,-0.15,703
103/06/11,2581987,43690427,16.7,17.2,16.7,16.8,+0.20,915
103/06/12,935104,15613928,17.0,17.0,16.6,16.75,-0.05,353
103/06/13,1502500,25367346,16.75,17.0,16.7,16.8,+0.05,575
103/06/16,2881600,49016055,16.85,17.15,16.75,16.9,+0.10,814
103/06/17,1691344,28118337,17.0,17.05,16.4,16.5,-0.40,588
103/06/18,2438627,39331982,16.5,16.65,15.8,16.05,-0.45,895
103/06/19,809469,13170894,16.1,16.45,16.1,16.3,+0.25,385
103/06/20,2100836,34633660,16.25,16.8,16.0,16.35,+0.05,780
103/06/23,1778167,28231769,16.35,16.4,15.55,15.6,-0.75,643
103/06/24,759698,12001861,15.8,15.95,15.6,15.9,+0.30,305
103/06/25,1355139,21753535,15.9,16.25,15.7,16.2,+0.30,373
103/06/26,2404304,41543254,17.2,17.3,17.2,17.3,+1.10,708
103/06/27,8606765,149423757,17.5,17.65,17.0,17.3, 0.00,2312
103/06/30,2575507,44406269,17.45,17.5,17.0,17.0,-0.30,859
103/07/01,9948447,179175402,17.2,18.15,17.1,18.15,+1.15,2293
103/07/02,10644008,195810490,18.2,18.95,17.7,18.35,+0.20,3440
103/07/03,3359938,62049216,18.35,18.75,18.1,18.35, 0.00,1199
103/07/04,2636535,47638821,18.45,18.45,17.85,17.9,-0.45,991
103/07/07,1631908,29274066,17.85,18.25,17.75,17.75,-0.15,626
103/07/08,1014955,18095223,17.75,17.95,17.65,17.9,+0.15,424
103/07/09,2357495,42186433,17.85,18.25,17.55,17.55,-0.35,800
103/07/10,2895342,49851414,17.55,17.6,17.0,17.05,-0.50,1202
103/07/11,2506999,41404332,16.8,17.0,16.2,16.2,-0.85,842
103/07/14,860725,14217195,16.25,16.7,16.25,16.55,+0.35,409
103/07/15,701479,11694321,16.65,16.85,16.55,16.55, 0.00,325
103/07/16,1047565,17112486,16.5,16.6,16.2,16.3,-0.25,485
103/07/17,633134,10375629,16.35,16.55,16.25,16.4,+0.10,325
103/07/18,465518,7612945,16.4,16.5,16.25,16.4, 0.00,192
103/07/21,915200,15335439,16.55,16.85,16.55,16.8,+0.40,372
103/07/22,3628295,63267185,17.2,17.75,17.0,17.35,+0.55,1439
103/07/24,1428800,25046287,17.5,17.75,17.35,17.4,+0.05,626
103/07/25,1281412,21975882,17.5,17.7,16.9,16.95,-0.45,511
103/07/28,636639,10807114,17.0,17.2,16.8,16.9,-0.05,340
103/07/29,1396022,22882006,16.9,17.0,16.0,16.3,-0.60,527
103/07/30,494001,8068465,16.3,16.5,16.2,16.3, 0.00,285
103/07/31,402063,6590320,16.3,16.5,16.3,16.35,+0.05,236
103/08/01,1388000,22716200,16.1,16.8,16.05,16.75,+0.40,459
103/08/04,1880600,31825139,16.75,17.2,16.5,17.0,+0.25,543
103/08/05,639500,10746399,16.85,17.0,16.6,16.6,-0.40,318
103/08/06,962970,15603212,16.6,16.6,16.0,16.25,-0.35,349
103/08/07,463366,7534628,16.25,16.5,16.2,16.25, 0.00,229
103/08/08,1000500,15725574,16.25,16.25,15.45,15.95,-0.30,413
103/08/11,446609,7156944,16.0,16.15,15.85,16.05,+0.10,226
103/08/12,437600,7004938,16.2,16.25,15.85,15.9,-0.15,209
103/08/13,3271893,53676009,15.95,16.8,15.95,16.35,+0.45,781
103/08/14,1144600,18444900,16.2,16.3,15.95,16.05,-0.30,490
103/08/15,375160,6028160,16.1,16.25,16.0,16.0,-0.05,171
103/08/18,746002,11713131,16.2,16.2,15.2,15.5,-0.50,285
103/08/19,724789,11629624,15.6,16.5,15.6,16.05,+0.55,340
103/08/20,487500,7787048,16.1,16.25,15.75,16.0,-0.05,219
103/08/21,315099,5048267,16.1,16.2,15.9,16.0, 0.00,147
103/08/22,590128,9591016,16.2,16.45,16.05,16.25,+0.25,237
103/08/25,419123,6861147,16.4,16.5,16.15,16.35,+0.10,187
103/08/26,636361,10449300,16.35,16.6,16.25,16.45,+0.10,267
103/08/27,2116249,35667503,16.5,17.15,16.5,16.8,+0.35,774
103/08/28,528250,8858711,16.75,16.85,16.7,16.75,-0.05,233
103/08/29,622106,10407876,16.7,16.9,16.55,16.8,+0.05,290
103/09/01,688051,11664004,17.05,17.1,16.75,16.8, 0.00,281
103/09/02,712400,11920580,16.95,16.95,16.65,16.7,-0.10,155
103/09/03,736653,12384334,16.7,16.95,16.7,16.85,+0.15,253
103/09/04,2317200,39625250,16.7,17.3,16.7,16.85, 0.00,681
103/09/05,489016,8262267,16.85,17.05,16.8,16.95,+0.10,212
103/09/09,741433,12382086,16.8,16.8,16.6,16.7,-0.25,283
103/09/10,635800,10626519,16.8,16.85,16.6,16.75,+0.05,207
103/09/11,1340796,22671161,16.85,17.1,16.7,16.7,-0.05,461
103/09/12,475800,7962280,16.7,17.0,16.6,16.7, 0.00,200
103/09/15,7991664,141585743,17.05,17.85,16.95,17.85,+1.15,2314
103/09/16,7042475,127311072,18.2,18.25,17.9,18.05,+0.20,2482
103/09/17,3096626,55749760,18.2,18.25,17.85,17.85,-0.20,1109
103/09/18,6910521,129636586,17.85,19.0,17.85,18.8,+0.95,2550
103/09/19,7948784,154065089,19.0,19.8,18.85,19.35,+0.55,2845
103/09/22,4112289,77971110,19.3,19.3,18.6,18.9,-0.45,1502
103/09/23,4748300,91174387,18.8,19.7,18.6,18.85,-0.05,1842
103/09/24,3009060,55762509,18.85,18.95,18.3,18.65,-0.20,1135
103/09/25,3067037,56608268,18.7,19.0,18.05,18.1,-0.55,1076
103/09/26,2378781,42725692,17.9,18.4,17.65,18.15,+0.05,870
103/09/29,1136108,20579454,17.95,18.25,17.95,18.2,+0.05,407
103/09/30,1817699,32299890,18.15,18.3,17.4,17.9,-0.30,660
103/10/01,1414888,24827331,17.8,17.8,17.35,17.4,-0.50,584
103/10/02,3789714,69253077,17.3,18.6,17.15,18.6,+1.20,1302
103/10/03,4091760,76320759,18.5,19.0,18.35,18.6, 0.00,1572
103/10/06,1567165,29179502,18.6,18.9,18.45,18.45,-0.15,624
103/10/07,2794200,50961087,18.7,18.75,17.95,17.95,-0.50,1209
103/10/08,1402277,24914417,17.9,18.1,17.4,17.45,-0.50,691
103/10/09,2545623,43226853,17.75,17.8,16.5,16.7,-0.75,822
103/10/13,2205940,34881714,16.1,16.3,15.55,15.55,-1.15,759
103/10/14,1204236,18879690,15.5,15.9,15.4,15.65,+0.10,470
103/10/15,1499911,22748715,15.65,15.7,14.85,15.0,-0.65,647
103/10/16,1489365,21564100,15.0,15.05,14.0,14.75,-0.25,564
103/10/17,1716741,24456193,14.7,14.95,13.95,14.0,-0.75,639
103/10/20,989200,14328320,14.55,14.7,14.3,14.6,+0.60,416
103/10/21,683400,9968950,14.7,14.75,14.45,14.5,-0.10,324
103/10/22,833600,12286659,14.9,14.9,14.6,14.6,+0.10,393
103/10/23,475800,6939879,14.55,14.75,14.4,14.6, 0.00,240
103/10/24,949000,13661850,14.6,14.7,14.2,14.25,-0.35,391
103/10/27,669464,9428661,14.5,14.55,13.85,13.9,-0.35,308
103/10/28,353760,5056765,14.15,14.45,14.15,14.4,+0.50,207
103/10/29,902800,13438669,14.6,15.1,14.55,15.0,+0.60,446
103/10/30,961178,14499262,15.0,15.4,14.75,15.35,+0.35,345
103/10/31,481300,7370820,15.4,15.45,15.15,15.45,+0.10,237
103/11/03,699699,10885117,15.4,15.8,15.4,15.55,+0.10,288
103/11/04,601589,9255410,15.6,15.6,15.2,15.4,-0.15,243
103/11/05,1882627,29713032,15.45,16.15,15.2,16.1,+0.70,690
103/11/06,888931,14064629,16.1,16.1,15.6,15.6,-0.50,362
103/11/07,1268600,20324578,15.75,16.15,15.7,15.85,+0.25,494
103/11/10,1999833,32888778,16.85,16.85,16.0,16.05,+0.20,755
103/11/11,906900,14533219,16.1,16.25,15.9,15.9,-0.15,456
103/11/12,945958,14936698,15.9,16.05,15.5,15.5,-0.40,399
103/11/13,502436,7859863,15.7,15.85,15.5,15.5, 0.00,234
103/11/14,503414,7955080,15.7,15.9,15.65,15.9,+0.40,245
103/11/17,620175,9720953,16.1,16.1,15.45,15.45,-0.45,265
103/11/18,807872,12633976,15.5,15.9,15.5,15.5,+0.05,388
103/11/19,530448,8244899,15.7,15.75,15.4,15.4,-0.10,226
103/11/20,544974,8403097,15.45,15.55,15.25,15.45,+0.05,260
103/11/21,670051,10467471,15.45,15.7,15.45,15.7,+0.25,375
103/11/24,337299,5311594,15.85,15.9,15.6,15.8,+0.10,154
103/11/25,517056,8199307,15.8,16.0,15.7,15.7,-0.10,269
103/11/26,441920,6981981,16.0,16.0,15.65,15.95,+0.25,274
103/11/27,1528720,24590982,15.95,16.25,15.9,16.05,+0.10,593
103/11/28,496274,7901487,16.1,16.1,15.8,16.0,-0.05,251
103/12/01,524165,8222890,15.5,15.9,15.5,15.75,-0.25,197
103/12/02,535200,8402560,15.7,15.85,15.55,15.85,+0.10,248
103/12/03,1548300,25053919,16.0,16.5,15.9,16.5,+0.65,523
103/12/04,946788,15507564,16.5,16.55,16.25,16.25,-0.25,422
103/12/05,1327719,22203430,16.3,16.85,16.2,16.7,+0.45,655
103/12/08,1110960,18325751,16.7,16.75,16.35,16.35,-0.35,459
103/12/09,822033,13150468,16.25,16.25,15.75,15.9,-0.45,355
103/12/10,470335,7469908,15.8,16.0,15.8,15.85,-0.05,205
103/12/11,1298640,20640474,15.85,16.1,15.6,16.0,+0.15,447
103/12/12,498800,7923460,16.1,16.15,15.75,15.75,-0.25,257
103/12/15,438000,6828650,15.55,15.75,15.5,15.75, 0.00,218
103/12/16,333840,5259294,15.6,15.9,15.55,15.65,-0.10,201
103/12/17,367465,5753453,15.7,15.8,15.6,15.65, 0.00,153
103/12/18,1807249,30077706,15.9,16.7,15.9,16.7,+1.05,460
103/12/19,4512765,75581507,16.9,17.0,16.2,16.6,-0.10,1446
103/12/22,2981374,50035724,16.6,16.95,16.6,16.75,+0.15,826
103/12/23,2553866,43204665,16.75,17.15,16.7,16.75, 0.00,794
103/12/24,795130,13286643,16.75,16.8,16.55,16.55,-0.20,341
103/12/25,1877543,31485332,16.55,17.05,16.5,16.6,+0.05,557
103/12/26,580796,9590342,16.6,16.75,16.4,16.5,-0.10,297
103/12/27,650236,10812953,16.6,16.75,16.5,16.65,+0.15,239
103/12/29,1064050,17905674,16.8,16.95,16.65,16.75,+0.10,491
103/12/30,1469583,24961262,16.75,17.15,16.75,16.8,+0.05,592
103/12/31,477511,7978929,17.0,17.0,16.6,16.7,-0.10,230
104/01/05,358500,5961350,16.5,16.75,16.5,16.7, 0.00,201
104/01/06,460453,7613023,16.5,16.65,16.5,16.5,-0.20,221
104/01/07,1066600,18015489,16.5,17.15,16.5,16.7,+0.20,521
104/01/08,1014933,16919335,16.9,16.95,16.55,16.65,-0.05,362
104/01/09,961800,15943998,16.75,16.75,16.45,16.45,-0.20,467
104/01/12,1952303,32224579,16.45,16.7,16.3,16.4,-0.05,601
104/01/13,451400,7417469,16.45,16.5,16.35,16.4, 0.00,195
104/01/14,426233,7008997,16.5,16.55,16.35,16.35,-0.05,210
104/01/15,843129,13760328,16.45,16.5,16.2,16.2,-0.15,298
104/01/16,1204600,19161585,16.3,16.35,15.7,15.7,-0.50,468
104/01/19,792200,12457246,15.9,16.0,15.5,15.5,-0.20,312
104/01/20,520166,8148503,15.5,15.8,15.45,15.8,+0.30,256
104/01/21,448170,7015150,15.8,15.8,15.55,15.6,-0.20,174
104/01/22,502600,7981670,15.7,16.0,15.7,15.75,+0.15,245
104/01/23,592911,9360694,15.95,16.0,15.65,15.75, 0.00,234
104/01/26,1473565,23638579,15.75,16.2,15.7,16.0,+0.25,444
104/01/27,394792,6296520,16.1,16.1,15.85,15.85,-0.15,165
104/01/28,1206696,19297036,15.8,16.15,15.75,16.05,+0.20,446
104/01/29,364512,5807038,15.95,16.05,15.85,15.95,-0.10,131
104/01/30,342000,5434400,16.0,16.0,15.8,15.8,-0.15,150
104/02/02,443000,6928850,15.8,15.85,15.55,15.6,-0.20,175
104/02/03,326866,5158158,15.6,15.9,15.6,15.7,+0.10,146
104/02/04,260629,4118290,15.8,15.95,15.7,15.7, 0.00,133
104/02/05,313430,4967644,15.75,15.95,15.7,15.9,+0.20,153
104/02/06,348135,5534927,16.05,16.05,15.7,15.85,-0.05,172
104/02/09,2791547,45956616,16.6,16.6,16.25,16.35,+0.50,1125
104/02/10,721628,11832402,16.35,16.5,16.3,16.35, 0.00,316
104/02/11,718542,11754629,16.5,16.5,16.2,16.3,-0.05,274
104/02/12,469299,7578898,16.4,16.4,16.05,16.1,-0.20,154
104/02/13,504064,8140177,16.2,16.25,16.0,16.2,+0.10,200
104/02/24,817865,13520695,16.35,16.7,16.35,16.4,+0.20,355
104/02/25,441936,7268393,16.55,16.55,16.35,16.5,+0.10,205
104/02/26,452643,7395979,16.4,16.45,16.25,16.35,-0.15,195
104/03/02,353047,5758310,16.4,16.4,16.25,16.3,-0.05,117
104/03/03,659165,10802995,16.3,16.6,16.25,16.45,+0.15,204
104/03/04,584337,9615675,16.45,16.5,16.4,16.45, 0.00,200
104/03/05,913477,15189815,16.5,16.75,16.4,16.65,+0.20,402
104/03/06,623800,10391628,16.8,16.8,16.6,16.6,-0.05,265
104/03/09,1165633,19569456,16.7,17.0,16.6,16.7,+0.10,417
104/03/10,825233,13633896,16.7,16.8,16.4,16.4,-0.30,304
104/03/11,460470,7511762,16.3,16.4,16.25,16.25,-0.15,170
104/03/12,540400,8882140,16.65,16.65,16.3,16.45,+0.20,223
104/03/13,345930,5691503,16.45,16.5,16.4,16.4,-0.05,149
104/03/16,866295,14429973,16.45,16.9,16.35,16.8,+0.40,363
104/03/17,1556810,26410334,16.9,17.2,16.7,16.7,-0.10,581
104/03/18,1789279,30297204,16.8,17.2,16.75,16.8,+0.10,645
104/03/19,1354733,22626216,16.95,16.95,16.55,16.55,-0.25,373
104/03/20,8221933,144417009,16.6,17.7,16.6,17.7,+1.15,2132
104/03/23,5769310,103973644,18.1,18.5,17.75,17.85,+0.15,2198
104/03/24,1961951,35099576,17.85,18.1,17.75,17.8,-0.05,684
104/03/25,2011548,35324296,17.9,17.95,17.25,17.25,-0.55,708
104/03/26,1885998,33042862,17.0,17.85,17.0,17.5,+0.25,713
104/03/27,3938795,70242959,17.5,18.3,17.5,17.55,+0.05,1274
104/03/30,2346928,40789917,17.75,17.9,16.95,17.15,-0.40,742
104/03/31,1505633,25587361,17.2,17.35,16.8,17.0,-0.15,466
104/04/01,1169376,20125603,17.3,17.4,17.0,17.0, 0.00,456
104/04/02,1257658,21712032,17.2,17.35,17.1,17.25,+0.25,547
104/04/07,5455750,99575584,17.6,18.45,17.5,18.45,+1.20,1461
104/04/08,9072350,169714488,18.3,19.05,18.2,18.95,+0.50,3119
104/04/09,5861601,105295406,18.45,18.5,17.65,17.65,-1.30,1978
104/04/10,2423857,42582302,17.8,17.9,17.2,17.55,-0.10,1007
104/04/13,1114982,19508836,17.6,17.65,17.35,17.4,-0.15,435
104/04/14,1134021,20190918,17.4,18.05,17.4,17.8,+0.40,494
104/04/15,1162266,20470091,17.8,17.95,17.45,17.45,-0.35,444
104/04/16,1327000,23165997,17.6,17.6,17.35,17.45, 0.00,457
104/04/17,823500,14265095,17.5,17.6,17.1,17.5,+0.05,409
104/04/20,2356740,39892345,17.5,17.5,16.7,16.75,-0.75,821
104/04/21,2820847,46277805,16.75,16.9,16.1,16.3,-0.45,848
104/04/22,719749,11800881,16.3,16.6,16.3,16.5,+0.20,292
104/04/23,1158960,19133088,16.6,16.7,16.35,16.45,-0.05,369
104/04/24,1080193,17865403,16.5,16.7,16.4,16.4,-0.05,346
104/04/27,524265,8683721,16.4,16.65,16.4,16.55,+0.15,239
104/04/28,592713,9752768,16.55,16.65,16.3,16.35,-0.20,257
104/04/29,1119575,17971840,16.35,16.35,15.8,16.0,-0.35,422
104/04/30,888231,14209946,16.05,16.15,15.85,16.0, 0.00,286
104/05/04,527773,8413462,15.9,16.1,15.85,15.9,-0.10,187
104/05/05,482600,7635780,15.9,15.95,15.75,15.9, 0.00,179
104/05/06,407307,6479112,15.85,16.0,15.8,15.95,+0.05,193
104/05/07,975901,15734926,16.0,16.45,15.8,16.45,+0.50,408
104/05/08,2972707,50408091,16.8,17.1,16.75,16.8,+0.35,1063
104/05/11,1395800,23479120,17.1,17.15,16.5,16.5,-0.30,498
104/05/12,5509032,96023860,17.0,17.65,16.9,17.65,+1.15,1662
104/05/13,3290600,57582878,17.65,17.8,17.3,17.4,-0.25,1291
104/05/14,2868919,48580283,17.4,17.4,16.75,16.8,-0.60,904
104/05/15,2276200,38978370,16.8,17.45,16.7,17.3,+0.50,803
104/05/18,1241866,21350122,17.35,17.5,16.95,17.15,-0.15,528
104/05/19,2532151,44095406,17.15,17.7,17.1,17.4,+0.25,871
104/05/20,1480699,25886047,17.5,17.65,17.35,17.45,+0.05,524
104/05/21,1119725,19525706,17.35,17.6,17.25,17.3,-0.15,508
104/05/22,8163029,147331221,17.35,18.5,17.35,18.1,+0.80,2514
104/05/25,5239596,96578678,18.15,18.85,18.05,18.1, 0.00,1867
104/05/26,2700327,48285619,18.1,18.35,17.55,17.75,-0.35,1062
104/05/27,1520003,27288749,17.75,18.25,17.65,18.0,+0.25,608
104/05/28,2325000,41688450,18.15,18.25,17.65,17.65,-0.35,683
104/05/29,1657033,29151772,17.65,17.9,17.45,17.5,-0.15,617
104/06/01,1051666,18394104,17.3,17.65,17.2,17.6,+0.10,416
104/06/02,5149800,93976457,17.6,18.7,17.55,18.25,+0.65,1719
104/06/03,2079365,37691523,18.3,18.4,17.9,18.25, 0.00,781
104/06/04,2765375,50132171,18.4,18.5,17.7,17.9,-0.35,973
104/06/05,2198700,38647543,17.7,18.15,17.35,17.45,-0.45,740
104/06/08,5327209,84466740,16.5,16.5,15.75,15.75,-1.70,1396
104/06/09,3080302,46193718,15.8,15.8,14.25,14.8,-0.95,1041
104/06/10,1045944,15912203,14.9,15.35,14.9,15.2,+0.40,462
104/06/11,1042200,15858140,15.4,15.5,14.95,15.1,-0.10,348
104/06/12,642165,9718732,15.1,15.3,15.0,15.1, 0.00,254
104/06/15,672000,10217850,15.1,15.4,15.1,15.25,+0.15,232
104/06/16,669483,10076142,15.3,15.3,14.9,15.2,-0.05,234
104/06/17,1782800,27819810,15.0,16.0,15.0,16.0,+0.80,652
104/06/18,1666200,26482188,16.05,16.15,15.7,15.8,-0.20,624
104/06/22,1274600,20104329,16.1,16.15,15.6,15.75,-0.05,503
104/06/23,785969,12481760,16.1,16.1,15.75,15.8,+0.05,323
104/06/24,523897,8277881,15.8,16.0,15.65,15.8, 0.00,271
104/06/25,740659,11795360,15.85,16.1,15.8,15.9,+0.10,300
104/06/26,554348,8777898,15.9,16.05,15.7,15.9, 0.00,218
104/06/29,488100,7556055,15.75,15.75,15.25,15.4,-0.50,245
104/06/30,681000,10427050,15.3,15.5,15.2,15.35,-0.05,299
104/07/01,1254532,19869802,15.45,16.05,15.45,15.8,+0.45,568
104/07/02,698000,11201350,15.85,16.3,15.85,15.95,+0.15,375
104/07/03,411000,6553100,16.0,16.05,15.75,15.95, 0.00,180
104/07/06,481200,7628630,15.8,16.0,15.7,15.95, 0.00,213
104/07/07,520200,8238509,16.1,16.1,15.65,15.85,-0.10,226
104/07/08,1487266,22347857,15.65,15.65,14.55,14.55,-1.30,599
104/07/09,1182099,16874850,14.5,14.7,14.0,14.6,+0.05,517
104/07/13,1047031,15293198,14.8,14.8,14.4,14.6, 0.00,384
104/07/14,763832,11129679,14.4,14.9,14.4,14.45,X0.00,366
104/07/15,278159,4029889,14.5,14.6,14.4,14.4,-0.05,152
104/07/16,418800,6083110,14.5,14.6,14.4,14.55,+0.15,187
104/07/17,286332,4159464,14.6,14.6,14.45,14.55, 0.00,135
104/07/20,524233,7528785,14.65,14.65,14.2,14.2,-0.35,195
104/07/21,359500,5112725,14.25,14.4,14.1,14.15,-0.05,174
104/07/22,949200,13125549,14.1,14.3,13.6,13.6,-0.55,350
104/07/23,2407831,30324210,13.5,13.8,12.25,12.35,-1.25,834
104/07/24,1006050,12357367,12.5,12.6,12.1,12.35, 0.00,326
104/07/27,2281300,26057595,12.25,12.3,11.15,11.15,-1.20,719
104/07/28,1089500,12139274,11.0,11.5,10.65,11.45,+0.30,503
104/07/29,397661,4559885,11.4,11.55,11.25,11.45, 0.00,225
104/07/30,735300,8819820,11.65,12.2,11.65,12.0,+0.55,353
104/07/31,306633,3631955,12.0,12.15,11.75,11.75,-0.25,161
104/08/03,419930,4859044,11.85,11.85,11.35,11.6,-0.15,185
104/08/04,612930,6952408,11.45,11.7,11.0,11.4,-0.20,238
104/08/05,566800,6408389,11.3,11.45,11.1,11.4, 0.00,257
104/08/06,385637,4351984,11.4,11.5,11.1,11.3,-0.10,217
104/08/07,795540,9343175,11.3,12.1,11.2,11.9,+0.60,396
104/08/10,640000,7847300,11.9,12.45,11.9,12.35,+0.45,302
104/08/11,905600,10980979,12.45,12.55,11.85,11.85,-0.50,386
104/08/12,425800,5029950,11.65,12.05,11.65,11.8,-0.05,226
104/08/13,486300,5810500,11.8,12.1,11.8,11.95,+0.15,218
104/08/14,264200,3185638,12.0,12.15,12.0,12.0,+0.05,168
104/08/17,380527,4490974,12.0,12.1,11.65,11.8,-0.20,210
104/08/18,188800,2226660,11.85,11.9,11.7,11.8, 0.00,114
104/08/19,948809,10647790,11.65,11.75,11.0,11.25,-0.55,384
104/08/20,311200,3537150,11.15,11.5,11.1,11.3,+0.05,167
104/08/21,718400,7956030,11.2,11.3,10.9,11.25,-0.05,292
104/08/24,1806010,18504105,10.4,10.7,10.15,10.5,-0.75,580
104/08/25,1041754,10402799,9.5,10.25,9.5,10.1,-0.40,384
104/08/26,682545,6827904,10.0,10.2,9.61,10.0,-0.10,276
104/08/27,690800,7120989,10.35,10.4,10.2,10.35,+0.35,288
104/08/28,849200,9139679,10.6,10.95,10.5,10.8,+0.45,339
104/08/31,353400,3803060,11.0,11.0,10.65,10.9,+0.10,140
104/09/01,579883,6376163,10.85,11.2,10.7,11.1,+0.20,242
104/09/02,531000,5870350,10.95,11.2,10.7,11.1, 0.00,177
104/09/03,707600,8098050,11.25,11.65,11.15,11.55,+0.45,318
104/09/04,714299,8321058,11.9,11.9,11.4,11.5,-0.05,256
104/09/07,265367,3055243,11.45,11.65,11.4,11.6,+0.10,127
104/09/08,394000,4642250,11.7,11.9,11.7,11.7,+0.10,177
104/09/09,931039,10993506,11.85,11.9,11.7,11.75,+0.05,320
104/09/10,601000,7151150,11.75,12.1,11.75,12.1,+0.35,257
104/09/11,1610499,19566987,12.2,12.35,11.9,12.15,+0.05,520
104/09/14,711600,8660420,12.2,12.35,12.0,12.3,+0.15,292
104/09/15,2816123,38007810,13.5,13.5,13.4,13.5,+1.20,639
104/09/16,6464879,91650656,14.35,14.5,13.85,14.05,+0.55,2233
104/09/17,1577200,21948650,14.1,14.1,13.75,14.0,-0.05,616
104/09/18,2541350,35723615,13.8,14.3,13.6,13.9,-0.10,801
104/09/21,1031007,13952294,13.8,13.8,13.4,13.4,-0.50,473
104/09/22,801303,10874934,13.5,13.7,13.4,13.6,+0.20,377
104/09/23,1092209,14750989,13.4,13.85,13.35,13.35,-0.25,517
104/09/24,1908400,25385150,13.55,13.75,12.75,13.75,+0.40,684
104/09/25,1828016,24921165,13.7,14.0,13.4,13.45,-0.30,723
104/09/30,1453344,18911805,13.2,13.3,12.8,13.0,-0.45,577
104/10/01,830750,10906223,13.3,13.3,13.0,13.15,+0.15,373
104/10/02,938800,12414439,13.1,13.4,13.05,13.2,+0.05,352
104/10/05,2428600,33092130,13.4,13.85,13.2,13.4,+0.20,755
104/10/06,698000,9342300,13.5,13.6,13.3,13.3,-0.10,298
104/10/07,801600,10807210,13.45,13.65,13.25,13.65,+0.35,284
104/10/08,1021000,13761700,13.75,13.75,13.3,13.3,-0.35,388
104/10/12,666939,8839999,13.5,13.5,13.1,13.1,-0.20,265
104/10/13,549000,7276900,13.3,13.4,13.15,13.2,+0.10,220
104/10/14,4628485,63344721,13.3,13.9,13.3,13.45,+0.25,1029
104/10/15,951756,12812878,13.5,13.7,13.25,13.25,-0.20,375
104/10/16,537600,7141358,13.45,13.45,13.2,13.2,-0.05,240
104/10/19,1659841,22220949,13.25,13.5,13.2,13.3,+0.10,480
104/10/20,610000,8198650,13.4,13.5,13.35,13.4,+0.10,266
104/10/21,900400,12084900,13.55,13.6,13.25,13.55,+0.15,311
104/10/22,1469400,20022759,13.6,13.75,13.5,13.5,-0.05,461
104/10/23,5071000,70416099,13.6,14.1,13.4,13.7,+0.20,1292
104/10/26,751165,10310460,13.7,13.9,13.6,13.75,+0.05,276
104/10/27,2731699,38760236,14.0,14.5,13.9,14.1,+0.35,1135
104/10/28,910001,12624163,14.1,14.1,13.75,13.75,-0.35,410
104/10/29,1182020,16000722,13.95,13.95,13.3,13.5,-0.25,409
104/10/30,607316,8105300,13.5,13.55,13.2,13.35,-0.15,290
104/11/02,440200,5906410,13.4,13.55,13.3,13.35, 0.00,222
104/11/03,581699,7887786,13.55,13.7,13.45,13.55,+0.20,263
104/11/04,634500,8624100,13.7,13.75,13.5,13.55, 0.00,306
104/11/05,561598,7675088,13.55,13.8,13.5,13.55, 0.00,282
104/11/06,2027920,27723169,13.65,13.9,13.45,13.5,-0.05,553
104/11/09,9851221,141489447,13.65,14.85,13.65,13.9,+0.40,2145
104/11/10,1946000,27293650,13.8,14.25,13.75,13.8,-0.10,701
104/11/11,1585000,21421250,14.0,14.05,13.1,13.45,-0.35,634
104/11/12,1476000,19213900,13.45,13.55,12.7,12.95,-0.50,612
104/11/13,828363,10651559,12.95,13.1,12.7,12.75,-0.20,298
104/11/16,601030,7693188,12.6,13.05,12.55,13.05,+0.30,324
104/11/17,497843,6572099,13.3,13.3,13.1,13.15,+0.10,211
104/11/18,1031000,13588500,13.15,13.3,13.0,13.0,-0.15,347
104/11/19,2328600,31553979,13.25,13.75,13.1,13.45,+0.45,874
104/11/20,838200,11292599,13.45,13.65,13.3,13.6,+0.15,323
104/11/23,2723201,37461413,13.6,13.95,13.5,13.6, 0.00,946
104/11/24,1035200,13695660,13.7,13.7,13.0,13.25,-0.35,423
104/11/25,632500,8262000,13.35,13.35,13.0,13.15,-0.10,265
104/11/26,2542798,33754183,13.2,13.4,13.05,13.3,+0.15,554
104/11/27,399851,5232563,13.25,13.3,13.0,13.05,-0.25,197
104/11/30,527833,6835495,13.05,13.1,12.85,12.85,-0.20,245
104/12/01,525700,6867583,12.9,13.15,12.9,13.05,+0.20,204
104/12/02,398600,5218600,13.1,13.25,13.0,13.1,+0.05,184
104/12/03,709423,9299210,13.05,13.25,13.0,13.1, 0.00,289
104/12/04,382200,5009530,13.1,13.2,13.0,13.15,+0.05,170
104/12/07,1069666,14194973,13.2,13.4,13.05,13.15, 0.00,343
104/12/08,1835131,23016171,12.95,13.0,12.25,12.3,-0.85,766
104/12/09,1882007,21830431,12.1,12.15,11.2,11.5,-0.80,698
104/12/10,531361,6121187,11.4,11.65,11.2,11.6,+0.10,243
104/12/11,400333,4606595,11.6,11.8,11.3,11.3,-0.30,194
104/12/14,593407,6538456,11.0,11.25,10.85,11.0,-0.30,240
104/12/15,379165,4255631,11.05,11.45,11.05,11.15,+0.15,186
104/12/16,413033,4659119,11.3,11.4,11.2,11.3,+0.15,174
104/12/17,1332200,15497070,11.45,11.8,11.3,11.65,+0.35,354
104/12/18,358188,4122061,11.65,11.65,11.4,11.6,-0.05,170
104/12/21,188266,2175072,11.3,11.7,11.3,11.55,-0.05,116
104/12/22,195061,2268007,11.75,11.75,11.55,11.65,+0.10,117
104/12/23,510621,5925791,11.65,11.75,11.45,11.5,-0.15,217
104/12/24,395000,4558800,11.85,11.85,11.25,11.45,-0.05,211
104/12/25,199400,2289349,11.55,11.6,11.4,11.5,+0.05,96
104/12/28,267700,3053115,11.45,11.6,11.3,11.45,-0.05,102
104/12/29,123033,1393971,11.4,11.5,11.3,11.3,-0.15,68
104/12/30,268966,3044765,11.4,11.55,11.25,11.3, 0.00,121
104/12/31,305200,3448590,11.3,11.4,11.2,11.3, 0.00,103
105/01/04,528007,5842777,11.3,11.3,10.95,10.95,-0.35,164
105/01/05,442593,4824062,10.75,11.05,10.75,10.95, 0.00,162
105/01/06,255000,2767250,11.05,11.05,10.75,10.8,-0.15,129
105/01/07,597739,6200610,10.7,10.9,10.05,10.3,-0.50,280
105/01/08,553466,5684555,10.15,10.5,9.91,10.45,+0.15,192
105/01/11,519517,5207480,10.05,10.15,9.95,10.0,-0.45,192
105/01/12,426165,4231550,10.05,10.1,9.7,9.71,-0.29,170
105/01/13,253949,2511475,9.86,9.99,9.79,9.85,+0.14,111
105/01/14,271233,2609762,9.65,9.7,9.56,9.62,-0.23,136
105/01/15,337127,3220632,9.62,9.67,9.49,9.49,-0.13,147
105/01/18,399061,3741196,9.03,9.69,9.03,9.65,+0.16,139
105/01/19,427000,4228610,9.65,10.15,9.58,10.0,+0.35,207
105/01/20,166512,1642113,10.05,10.05,9.66,9.69,-0.31,93
105/01/21,330000,3282550,9.69,10.2,9.69,9.82,+0.13,148
105/01/22,147266,1471882,10.05,10.05,9.9,9.94,+0.12,81
105/01/25,221085,2220694,10.1,10.15,10.0,10.0,+0.06,102
105/01/26,325400,3283800,10.0,10.15,10.0,10.1,+0.10,110
105/01/27,176588,1795830,10.4,10.4,10.0,10.1, 0.00,90
105/01/28,120000,1217600,10.1,10.25,10.1,10.1, 0.00,63
105/01/29,793500,8240075,10.1,10.55,10.05,10.35,+0.25,238
105/01/30,197734,2070469,10.45,10.6,10.35,10.45,+0.10,102
105/02/01,204400,2139110,10.5,10.55,10.35,10.5,+0.05,110
105/02/02,168066,1759329,10.5,10.6,10.35,10.35,-0.15,103
105/02/03,403000,4091950,10.3,10.35,10.05,10.1,-0.25,154
105/02/15,148000,1483680,9.99,10.15,9.99,10.0,-0.10,74
105/02/16,182765,1881329,10.1,10.45,10.1,10.4,+0.40,105
105/02/17,267163,2782844,10.3,10.5,10.3,10.45,+0.05,129
105/02/18,300466,3169765,10.55,10.65,10.45,10.55,+0.10,139
105/02/19,1401583,15228704,10.55,11.0,10.5,10.95,+0.40,427
105/02/22,375400,4118060,10.9,11.15,10.8,10.95, 0.00,162
105/02/23,252800,2766139,11.1,11.1,10.8,10.9,-0.05,124
105/02/24,188633,2021696,10.9,10.9,10.6,10.6,-0.30,109
105/02/25,318000,3388500,10.6,10.8,10.55,10.6, 0.00,133
105/02/26,127300,1345599,10.65,10.65,10.55,10.55,-0.05,70
105/03/01,203997,2174617,10.6,10.75,10.6,10.7,+0.15,99
105/03/02,1842450,20534895,10.8,11.3,10.75,11.1,+0.40,428
105/03/03,639000,7066850,11.1,11.2,10.95,11.05,-0.05,224
105/03/04,489400,5393050,11.05,11.1,10.95,11.1,+0.05,183
105/03/07,467916,5192577,11.15,11.25,11.0,11.0,-0.10,184
105/03/08,418619,4587396,11.0,11.1,10.9,10.95,-0.05,166
105/03/09,802207,8880616,11.0,11.3,10.85,11.3,+0.35,255
105/03/10,2315503,26504631,11.35,11.55,11.3,11.3, 0.00,633
105/03/11,520010,5782810,11.2,11.35,11.0,11.0,-0.30,222
105/03/14,299348,3335291,11.1,11.2,11.05,11.15,+0.15,153
105/03/15,502579,5540803,11.1,11.2,10.8,10.85,-0.30,167
105/03/16,194667,2127134,10.85,11.05,10.85,10.9,+0.05,134
105/03/17,232202,2553790,11.15,11.2,10.9,10.9, 0.00,111
105/03/18,323328,3551940,10.95,11.05,10.9,10.95,+0.05,121
105/03/21,199278,2197180,11.0,11.15,11.0,11.0,+0.05,101
105/03/22,152041,1664495,11.0,11.05,10.9,10.9,-0.10,72
105/03/23,228965,2501119,10.95,11.0,10.85,10.9, 0.00,81
105/03/24,222600,2405569,10.9,10.9,10.75,10.75,-0.15,99
105/03/25,255600,2759369,10.75,10.85,10.7,10.75, 0.00,86
105/03/28,280600,3012670,10.85,10.9,10.6,10.75, 0.00,125
105/03/29,222661,2350807,10.75,10.85,10.35,10.35,-0.40,122
105/03/30,236600,2500700,10.5,10.7,10.5,10.6,+0.25,111
105/03/31,188626,2025584,10.65,10.8,10.65,10.7,+0.10,89
105/04/01,148633,1563346,10.75,10.75,10.45,10.5,-0.20,63
105/04/06,233600,2476489,10.6,10.75,10.45,10.5, 0.00,112
105/04/07,365633,3835482,10.5,10.65,10.35,10.45,-0.05,139
105/04/08,125000,1310300,10.55,10.55,10.45,10.5,+0.05,54
105/04/11,124013,1295536,10.6,10.6,10.35,10.5, 0.00,62
105/04/12,172000,1778500,10.45,10.45,10.2,10.3,-0.20,88
105/04/13,317633,3277467,10.35,10.4,10.25,10.35,+0.05,94
105/04/14,207800,2143847,10.4,10.4,10.25,10.3,-0.05,86
105/04/15,220201,2264608,10.3,10.35,10.25,10.25,-0.05,91
105/04/18,428817,4438432,10.25,10.4,10.25,10.25, 0.00,86
105/04/19,214000,2209350,10.45,10.45,10.25,10.25, 0.00,74
105/04/20,153200,1562959,10.3,10.3,10.05,10.1,-0.15,83
105/04/21,157454,1596111,10.25,10.25,10.1,10.1, 0.00,62
105/04/22,255000,2565850,10.1,10.2,10.0,10.0,-0.10,95
105/04/25,252231,2521682,10.0,10.1,9.96,9.96,-0.04,78
105/04/26,870631,8790980,9.96,10.25,9.96,10.05,+0.09,177
105/04/27,136600,1371105,10.1,10.15,9.99,9.99,-0.06,65
105/04/28,158002,1567149,10.0,10.1,9.85,9.87,-0.12,85
105/04/29,201000,1984310,9.87,9.97,9.8,9.82,-0.05,86
105/05/03,357777,3436457,9.85,9.85,9.45,9.5,-0.32,139
105/05/04,393789,3692842,9.5,9.5,9.31,9.41,-0.09,128
105/05/05,961000,9094630,9.41,9.8,9.2,9.55,+0.14,212
105/05/06,397001,3773389,9.55,9.65,9.35,9.55, 0.00,140
105/05/09,98204,932742,9.44,9.54,9.44,9.5,-0.05,60
105/05/10,162695,1539586,9.5,9.56,9.35,9.48,-0.02,63
105/05/11,97400,926830,9.49,9.6,9.49,9.55,+0.07,39
105/05/12,176400,1671648,9.53,9.59,9.4,9.5,-0.05,58
105/05/13,234633,2186793,9.5,9.5,9.23,9.28,-0.22,80
105/05/16,192098,1796749,9.28,9.44,9.21,9.36,+0.08,70
105/05/17,181000,1711550,9.58,9.58,9.4,9.5,+0.14,70
105/05/18,137292,1324700,9.58,9.74,9.54,9.73,+0.23,82
105/05/19,161165,1573583,9.61,9.8,9.61,9.8,+0.07,86
105/05/20,121000,1186760,9.7,9.88,9.7,9.8, 0.00,56
105/05/23,301142,2995427,9.77,10.1,9.7,10.0,+0.20,122
105/05/24,193299,1946947,10.3,10.3,9.95,10.0, 0.00,88
105/05/25,320378,3210432,10.05,10.15,10.0,10.0, 0.00,106
105/05/26,1001729,10341854,10.05,10.6,10.05,10.4,+0.40,414
105/05/27,338500,3507850,10.5,10.5,10.3,10.3,-0.10,135
105/05/30,208930,2172380,10.45,10.45,10.35,10.35,+0.05,86
105/05/31,145014,1486541,10.35,10.4,10.05,10.2,-0.15,77
105/06/01,227999,2333339,10.2,10.35,10.15,10.2, 0.00,105
105/06/02,181596,1842419,10.2,10.25,10.1,10.1,-0.10,56
105/06/03,260204,2623290,10.15,10.2,10.05,10.05,-0.05,104
105/06/04,161233,1627990,10.05,10.15,10.05,10.15,+0.10,46
105/06/06,306263,3145445,10.2,10.35,10.2,10.3,+0.15,139
105/06/07,273996,2825057,10.35,10.4,10.25,10.25,-0.05,114
105/06/08,179800,1858389,10.3,10.4,10.25,10.35,+0.10,90
105/06/13,334800,3447760,10.25,10.35,10.25,10.25,-0.10,92
105/06/14,109331,1124209,10.25,10.35,10.25,10.35,+0.10,56
105/06/15,238385,2467226,10.45,10.45,10.25,10.3,-0.05,103
105/06/16,134000,1373450,10.3,10.4,10.2,10.2,-0.10,45
105/06/17,92999,951639,10.35,10.35,10.15,10.15,-0.05,52
105/06/20,171000,1765350,10.25,10.4,10.15,10.3,+0.15,97
105/06/21,179861,1859568,10.3,10.4,10.25,10.35,+0.05,89
105/06/22,1491065,16218826,10.3,11.2,10.25,11.2,+0.85,629
105/06/23,674044,7388769,11.35,11.35,10.75,10.75,-0.45,337
105/06/24,859009,9016191,10.7,10.95,10.05,10.2,-0.55,406
105/06/27,230200,2377110,10.15,10.45,10.15,10.35,+0.15,117
105/06/28,3250797,36483539,10.6,11.35,10.6,11.35,+1.00,1189
105/06/29,6630072,78599448,11.5,12.1,11.5,11.75,+0.40,2133
105/06/30,1988200,23230069,11.65,12.0,11.5,11.7,-0.05,733
105/07/01,1698266,19654603,11.75,11.9,11.35,11.35,-0.35,585
105/07/04,1083800,12444390,11.5,11.65,11.35,11.4,+0.05,455
105/07/05,779695,8904173,11.35,11.6,11.25,11.45,+0.05,306
105/07/06,1118000,12528800,11.55,11.55,11.0,11.05,-0.40,400
105/07/07,2140233,22790823,10.8,10.95,10.45,10.45,-0.60,827
105/07/11,749820,7807944,10.55,10.65,10.3,10.35,-0.10,331
105/07/12,1376390,14418065,10.4,10.6,10.3,10.35, 0.00,436
105/07/13,540521,5614716,10.45,10.5,10.3,10.35, 0.00,259
105/07/14,382800,3980080,10.35,10.45,10.35,10.35, 0.00,189
105/07/15,398600,4142280,10.4,10.45,10.35,10.35, 0.00,192
105/07/18,501917,5204592,10.35,10.45,10.3,10.35, 0.00,228
105/07/19,2071501,21694908,10.35,10.6,10.3,10.4,+0.05,677
105/07/20,379299,3945829,10.35,10.5,10.35,10.4, 0.00,197
105/07/21,1508078,16024768,10.45,10.75,10.45,10.6,+0.20,507
105/07/22,489800,5157450,10.55,10.6,10.45,10.5,-0.10,220
105/07/25,686633,7110436,10.5,10.55,10.3,10.3,-0.20,241
105/07/26,370763,3864608,10.35,10.5,10.35,10.4,+0.10,156
105/07/27,1434876,15185858,10.45,10.75,10.45,10.45,+0.05,526
105/07/28,534558,5538245,10.45,10.45,10.3,10.35,-0.10,233
105/07/29,707066,7267122,10.4,10.4,10.2,10.25,-0.10,252
105/08/01,360745,3712171,10.35,10.35,10.25,10.3,+0.05,140
105/08/02,536000,5528799,10.25,10.4,10.2,10.3, 0.00,183
105/08/03,316060,3241261,10.3,10.35,10.2,10.25,-0.05,129
105/08/04,425633,4353774,10.3,10.35,10.2,10.2,-0.05,167
105/08/05,377105,3876921,10.4,10.4,10.2,10.25,+0.05,193
105/08/08,567000,5847596,10.25,10.4,10.25,10.3,+0.05,211
105/08/09,372448,3831547,10.3,10.35,10.2,10.2,-0.10,166
105/08/10,775826,7830260,10.2,10.3,9.95,9.97,-0.23,334
105/08/11,682000,6718560,9.98,10.0,9.78,9.85,-0.12,301
105/08/12,338771,3361712,9.92,9.98,9.85,9.95,+0.10,160
105/08/15,312482,3086962,9.95,9.99,9.82,9.86,-0.09,145
105/08/16,482967,4792936,9.86,9.97,9.85,9.91,+0.05,213
105/08/17,845228,8488502,9.88,10.2,9.88,10.1,+0.19,292
105/08/18,1622402,16495409,10.1,10.25,10.0,10.2,+0.10,333
105/08/19,723628,7382283,10.2,10.3,10.05,10.05,-0.15,289
105/08/22,367091,3664470,10.1,10.1,9.92,9.95,-0.10,165
105/08/23,449702,4486136,9.95,10.0,9.93,9.99,+0.04,171
105/08/24,661001,6566589,10.0,10.0,9.88,9.93,-0.06,294
105/08/25,802066,8003740,9.98,10.1,9.9,10.0,+0.07,314
105/08/26,584763,5829760,10.05,10.05,9.92,9.94,-0.06,255
105/08/29,888167,8767160,9.94,9.96,9.81,9.83,-0.11,372
105/08/30,764284,7581299,9.87,10.0,9.87,9.87,+0.04,328
105/08/31,837666,8000399,9.65,9.66,9.5,9.5,X0.00,418
105/09/01,345220,3251504,9.52,9.52,9.35,9.43,-0.07,151
105/09/02,1242671,11927073,9.45,9.77,9.45,9.71,+0.28,503
105/09/05,831861,8000713,9.71,9.81,9.52,9.58,-0.13,387
105/09/06,1101831,10462392,9.58,9.62,9.45,9.47,-0.11,426
105/09/07,5544940,56245611,9.51,10.4,9.51,10.25,+0.78,1579
105/09/08,4116219,41629480,10.0,10.3,9.93,10.1,-0.15,1089
105/09/09,1565500,15671830,10.15,10.15,9.92,10.0,-0.10,499
105/09/10,1168382,11448003,9.9,9.9,9.71,9.77,-0.23,337
105/09/12,2789916,27569255,9.8,9.98,9.73,9.85,+0.08,836
105/09/13,1377600,13335705,9.86,9.92,9.51,9.6,-0.25,512
105/09/14,974000,9427250,9.6,9.77,9.6,9.63,+0.03,385
105/09/19,3899226,39094885,9.76,10.15,9.75,9.95,+0.32,1110
105/09/20,766523,7578428,10.0,10.05,9.82,9.86,-0.09,279
105/09/21,810499,8043824,9.88,10.0,9.83,9.89,+0.03,350
105/09/22,1164066,11580165,10.0,10.05,9.88,9.89, 0.00,332
105/09/23,1607901,16105862,9.96,10.15,9.96,9.97,+0.08,469
105/09/26,646400,6412338,10.1,10.1,9.84,9.86,-0.11,214
105/09/29,577928,5715583,10.0,10.0,9.84,9.85,-0.01,174
105/09/30,319841,3157393,9.86,9.93,9.84,9.9,+0.05,122
105/10/03,293270,2908262,9.95,9.98,9.87,9.9, 0.00,143
105/10/04,470558,4678310,9.9,9.98,9.88,9.93,+0.03,192
105/10/05,324433,3215279,9.94,9.95,9.88,9.9,-0.03,117
105/10/06,590099,5798920,9.9,9.93,9.8,9.81,-0.09,226
105/10/07,704759,6895226,9.82,9.9,9.72,9.72,-0.09,231
105/10/11,1092900,10738416,9.98,10.0,9.67,9.73,+0.01,372
105/10/12,517233,5042779,9.83,9.83,9.71,9.71,-0.02,222
105/10/13,589856,5691740,9.71,9.75,9.59,9.61,-0.10,233
105/10/14,590799,5630511,9.61,9.68,9.43,9.49,-0.12,216
105/10/17,688648,6614384,9.45,9.76,9.45,9.69,+0.20,273
105/10/18,260131,2513230,9.64,9.76,9.62,9.63,-0.06,116
105/10/19,472300,4544585,9.63,9.69,9.58,9.58,-0.05,185
105/10/20,614017,5908731,9.63,9.71,9.56,9.58, 0.00,194
105/10/21,677233,6508852,9.59,9.67,9.58,9.58, 0.00,209
105/10/24,362011,3497924,9.61,9.7,9.61,9.66,+0.08,188
105/10/25,667998,6524288,9.67,9.85,9.67,9.76,+0.10,245
105/10/26,241231,2355554,9.76,9.8,9.71,9.76, 0.00,138
105/10/27,561800,5484236,9.77,9.79,9.72,9.74,-0.02,173
105/10/28,251464,2435184,9.74,9.74,9.62,9.66,-0.08,102
105/10/31,371700,3552754,9.66,9.66,9.51,9.55,-0.11,137
105/11/01,360152,3430927,9.54,9.63,9.45,9.47,-0.08,144
105/11/02,350130,3297698,9.47,9.52,9.37,9.38,-0.09,144
105/11/03,280164,2633955,9.41,9.5,9.35,9.35,-0.03,106
105/11/04,166721,1564034,9.38,9.46,9.35,9.35, 0.00,92
105/11/07,286130,2684129,9.49,9.49,9.35,9.36,+0.01,111
105/11/08,1077950,9860593,9.37,9.37,9.06,9.1,-0.26,375
105/11/09,1798900,15362179,9.11,9.14,8.19,8.2,-0.90,600
105/11/10,828691,6966942,8.39,8.51,8.36,8.4,+0.20,292
105/11/11,731006,5932348,8.4,8.4,8.0,8.13,-0.27,287
105/11/14,393116,3192389,8.12,8.25,8.08,8.12,-0.01,134
105/11/15,242923,1999490,8.12,8.3,8.12,8.25,+0.13,125
105/11/16,395800,3272809,8.32,8.32,8.2,8.2,-0.05,187
105/11/17,209500,1725490,8.27,8.32,8.21,8.21,+0.01,109
105/11/18,393342,3292666,8.3,8.42,8.29,8.4,+0.19,184
105/11/21,318400,2741074,8.68,8.68,8.55,8.6,+0.20,165
105/11/22,450650,3900626,8.61,8.84,8.56,8.58,-0.02,185
105/11/23,347300,2995149,8.74,8.74,8.56,8.58, 0.00,112
105/11/24,235600,2040452,8.58,8.7,8.58,8.66,+0.08,124
105/11/25,371879,3199879,8.6,8.76,8.54,8.57,-0.09,147
105/11/28,290800,2511819,8.58,8.68,8.58,8.6,+0.03,128
105/11/29,250365,2160189,8.56,8.68,8.56,8.64,+0.04,88
105/11/30,525099,4546075,8.67,8.69,8.63,8.69,+0.05,157
105/12/01,2140000,18763550,8.71,8.89,8.65,8.69, 0.00,489
105/12/02,1135800,9747088,8.66,8.71,8.5,8.5,-0.19,263
105/12/05,299000,2530250,8.5,8.51,8.41,8.41,-0.09,115
105/12/06,218109,1838832,8.41,8.52,8.41,8.44,+0.03,106
105/12/07,467144,3945765,8.45,8.47,8.43,8.45,+0.01,159
105/12/08,422635,3579812,8.52,8.52,8.45,8.47,+0.02,160
105/12/09,308231,2612064,8.48,8.51,8.45,8.46,-0.01,104
105/12/12,455000,3846440,8.53,8.53,8.43,8.45,-0.01,117
105/12/13,610800,5131630,8.45,8.45,8.38,8.39,-0.06,240
105/12/14,302440,2538244,8.4,8.48,8.37,8.39, 0.00,93
105/12/15,2162627,18240298,8.42,8.51,8.34,8.46,+0.07,555
105/12/16,1751334,15056602,8.5,8.67,8.5,8.51,+0.05,442
105/12/19,2188000,18845250,8.52,8.67,8.5,8.61,+0.10,479
105/12/20,3215000,28308349,8.69,9.01,8.67,8.7,+0.09,954
105/12/21,826000,7148129,8.75,8.76,8.6,8.62,-0.08,266
105/12/22,1112001,9480128,8.61,8.62,8.45,8.48,-0.14,350
105/12/23,738200,6271462,8.5,8.54,8.45,8.45,-0.03,171
105/12/26,1493013,12796950,8.5,8.65,8.48,8.54,+0.09,370
105/12/27,653919,5589951,8.63,8.63,8.5,8.54, 0.00,186
105/12/28,493365,4195751,8.55,8.55,8.46,8.51,-0.03,188
105/12/29,3069204,26969663,8.51,9.03,8.45,8.98,+0.47,941
105/12/30,14911631,144358226,9.28,9.87,9.23,9.86,+0.88,3645
106/01/03,18108163,188427458,10.0,10.7,9.9,10.55,+0.69,4629
106/01/04,6378315,67030303,10.6,10.65,10.4,10.55, 0.00,1836
106/01/05,13089465,145198483,10.55,11.4,10.55,11.1,+0.55,3731
106/01/06,5528066,61477126,11.1,11.4,10.95,11.1, 0.00,1559
106/01/09,6097480,64514743,11.3,11.3,10.3,10.4,-0.70,1834
106/01/10,3758850,39022720,10.45,10.65,10.15,10.25,-0.15,1030
106/01/11,3768150,38350671,10.2,10.4,10.05,10.15,-0.10,1005
106/01/12,4587750,45907742,10.2,10.3,9.81,9.91,-0.24,1322
106/01/13,5094715,52245208,9.99,10.4,9.99,10.3,+0.39,1497
106/01/16,13609279,147734810,10.65,11.1,10.6,10.85,+0.55,3641
106/01/17,4304842,45737190,10.75,10.85,10.45,10.55,-0.30,1256
106/01/18,3307300,34674720,10.7,10.75,10.3,10.5,-0.05,1058
106/01/19,2315000,24340548,10.6,10.65,10.35,10.4,-0.10,765
106/01/20,1434104,14944230,10.55,10.55,10.35,10.4, 0.00,497
106/01/23,3023600,31397599,10.45,10.65,10.2,10.3,-0.10,1152
106/01/24,2122689,21829292,10.35,10.4,10.2,10.2,-0.10,862
106/02/02,4765500,51097074,10.6,10.95,10.4,10.95,+0.75,1533
106/02/03,5290084,63302958,11.9,12.0,11.8,12.0,+1.05,1173
106/02/06,1975976,26082880,13.2,13.2,13.2,13.2,+1.20,522
106/02/07,31553809,453918125,14.5,14.5,14.0,14.5,+1.30,7021
106/02/08,31878043,484864538,14.9,15.65,14.8,15.3,+0.80,9611
106/02/09,15284391,221121391,14.95,14.95,14.15,14.3,-1.00,4757
106/02/10,7288106,101978071,14.4,14.4,13.8,13.95,-0.35,2654
106/02/13,10936002,161967625,14.3,15.25,14.3,14.5,+0.55,4021
106/02/14,4324649,61890860,14.5,14.7,14.0,14.15,-0.35,1868
106/02/15,3210141,45781442,14.1,14.55,14.05,14.2,+0.05,1194
106/02/16,8694210,129949905,14.35,15.35,14.25,14.9,+0.70,2982
106/02/17,4212200,63198115,15.0,15.3,14.6,15.15,+0.25,1644
106/02/18,10038584,157762573,15.0,16.4,15.0,15.95,+0.80,3766
106/02/20,9218505,146446525,16.3,16.4,15.0,15.0,-0.95,3281
106/02/21,5079008,75299718,15.15,15.25,14.3,15.2,+0.20,1905
106/02/22,8001859,126947742,15.7,16.35,15.45,16.0,+0.80,3085
106/02/23,12906756,202457776,16.45,16.45,15.1,15.2,-0.80,4334
106/02/24,6068300,91142640,15.3,15.65,14.8,14.8,-0.40,2138
106/03/01,5536432,79699380,14.8,14.8,14.15,14.2,-0.60,1847
106/03/02,5147500,74661450,14.5,14.85,14.25,14.3,+0.10,1815
106/03/03,8645181,117707942,14.3,14.35,13.25,13.55,-0.75,2866
106/03/06,3693461,49429379,13.7,13.75,13.25,13.3,-0.25,1268
106/03/07,7831064,109925546,13.75,14.3,13.6,14.1,+0.80,2789
106/03/08,3021785,41680627,14.0,14.0,13.6,13.8,-0.30,1052
106/03/09,3992101,53265398,13.5,13.6,13.15,13.3,-0.50,1417
106/03/10,3012100,39788530,13.4,13.5,12.9,13.4,+0.10,1153
106/03/13,2568200,34682020,13.4,13.7,13.3,13.4, 0.00,842
106/03/14,2644833,35847761,13.35,13.75,13.35,13.5,+0.10,792
106/03/15,4997400,68478280,13.65,13.9,13.3,13.55,+0.05,1495
106/03/16,2146682,29112416,13.7,13.75,13.45,13.5,-0.05,674
106/03/17,1960461,26791622,13.5,13.85,13.5,13.55,+0.05,661
106/03/20,1962104,26679056,13.65,13.7,13.45,13.65,+0.10,561
106/03/21,7398814,103935398,13.7,14.3,13.7,13.75,+0.10,2166
106/03/22,2502699,34040554,13.5,13.85,13.45,13.6,-0.15,793
106/03/23,7568000,106981848,13.75,14.35,13.75,14.2,+0.60,2276
106/03/24,17872697,263644609,14.5,15.3,14.2,14.2, 0.00,4605
106/03/27,3469500,48960047,14.2,14.4,13.8,13.8,-0.40,1140
106/03/28,5014850,67310353,14.0,14.15,12.8,13.35,-0.45,1462
106/03/29,2174270,29356114,13.5,13.6,13.4,13.5,+0.15,688
106/03/30,5360332,74913878,13.6,14.15,13.5,14.05,+0.55,1521
106/03/31,5613503,78352938,14.05,14.5,13.55,13.6,-0.45,1711
106/04/05,4210710,56920433,13.1,13.75,13.1,13.55,-0.05,1181
106/04/06,1467000,19827897,13.6,13.7,13.4,13.45,-0.10,567
106/04/07,2041334,27712308,13.6,13.85,13.3,13.5,+0.05,720
106/04/10,3595405,48240415,13.4,13.7,13.15,13.25,-0.25,1008
106/04/11,3304642,43024449,13.2,13.35,12.85,12.85,-0.40,1060
106/04/12,3326800,41548659,12.9,12.95,12.2,12.25,-0.60,1255
106/04/13,2957844,37446032,12.3,12.9,12.3,12.7,+0.45,962
106/04/14,3120672,38023326,12.7,12.7,11.9,11.9,-0.80,1016
106/04/17,2670600,30951298,12.2,12.2,11.2,11.55,-0.35,894
106/04/18,1838471,22074752,11.9,12.15,11.85,12.05,+0.50,659
106/04/19,1039200,12498000,11.9,12.25,11.85,11.95,-0.10,401
106/04/20,1132550,13364030,11.95,12.05,11.6,11.6,-0.35,465
106/04/21,913276,10758325,11.8,11.9,11.65,11.8,+0.20,356
106/04/24,1401966,16265411,11.95,11.95,11.4,11.4,-0.40,599
106/04/25,2877932,33800303,11.5,12.0,11.4,11.8,+0.40,853
106/04/26,1442652,17233592,11.95,12.1,11.8,11.85,+0.05,471
106/04/27,1839532,21492671,11.95,11.95,11.55,11.6,-0.25,603
106/04/28,4675940,55972686,11.6,12.15,11.6,11.95,+0.35,1235
106/05/02,698733,8274997,11.95,12.0,11.75,11.8,-0.15,328
106/05/03,3028403,36667655,11.8,12.3,11.8,12.0,+0.20,909
106/05/04,1456041,17582693,12.2,12.2,11.9,12.1,+0.10,484
106/05/05,1839859,21927283,12.1,12.2,11.7,11.7,-0.40,590
106/05/08,1564230,18046482,11.75,11.85,11.4,11.4,-0.30,566
106/05/09,2872800,31523160,11.4,11.5,10.6,10.75,-0.65,1065
106/05/10,1489422,16327199,10.95,11.1,10.7,10.9,+0.15,603
106/05/11,517095,5664028,11.0,11.05,10.8,10.9, 0.00,229
106/05/12,837165,9128173,10.9,11.05,10.75,10.8,-0.10,279
106/05/15,454776,4930841,10.8,10.95,10.75,10.8, 0.00,216
106/05/16,463000,5047250,10.9,11.0,10.85,10.9,+0.10,193
106/05/17,825366,8996489,11.0,11.0,10.8,10.9, 0.00,250
106/05/18,4893490,54506808,10.7,11.55,10.5,11.55,+0.65,1326
106/05/19,1662297,18898426,11.6,11.6,11.25,11.25,-0.30,576
106/05/22,1046030,11947139,11.5,11.55,11.3,11.3,+0.05,375
106/05/23,1012010,11335611,11.4,11.45,11.1,11.15,-0.15,352
106/05/24,1228763,13623893,11.2,11.35,10.95,11.05,-0.10,460
106/05/25,1017394,11433982,11.15,11.35,11.05,11.25,+0.20,348
106/05/26,654266,7286151,11.15,11.3,11.05,11.15,-0.10,251
106/05/31,2195800,24845609,11.25,11.4,11.15,11.2,+0.05,519
106/06/01,2143666,24696975,11.4,11.65,11.35,11.65,+0.45,813
106/06/02,1770751,20769771,11.8,11.95,11.55,11.55,-0.10,635
106/06/03,3113361,39093333,12.0,12.7,12.0,12.7,+1.15,805
106/06/05,11804296,163915620,13.9,13.95,13.7,13.95,+1.25,2755
106/06/06,19340802,272759629,13.95,14.4,13.8,14.2,+0.25,5753
106/06/07,7294399,101836752,14.35,14.35,13.65,13.8,-0.40,2205
106/06/08,10206801,140535501,13.55,14.1,13.25,13.85,+0.05,2804
106/06/09,6530899,89841355,13.85,14.0,13.4,13.4,-0.45,1733
106/06/12,2116500,28052099,13.25,13.45,13.05,13.3,-0.10,815
106/06/13,8791834,121125940,13.3,13.9,13.3,13.7,+0.40,2378
106/06/14,3867868,51949112,13.8,13.9,13.1,13.25,-0.45,1302
106/06/15,1468550,19591955,13.35,13.5,13.15,13.3,+0.05,615
106/06/16,1325248,17786247,13.4,13.55,13.3,13.35,+0.05,514
106/06/19,1415812,18724886,13.35,13.35,13.15,13.15,-0.20,514
106/06/20,2374033,31934336,13.25,13.6,13.25,13.4,+0.25,897
106/06/21,7759961,106631665,13.4,13.9,13.4,13.75,+0.35,2049
106/06/22,2719733,37148454,13.8,13.9,13.5,13.55,-0.20,820
106/06/23,1166000,15624350,13.55,13.6,13.3,13.3,-0.25,454
106/06/26,1155499,15432035,13.3,13.5,13.25,13.35,+0.05,432
106/06/27,1368135,18208166,13.4,13.45,13.2,13.2,-0.15,477
106/06/28,4693873,62617579,13.2,13.55,13.15,13.15,-0.05,967
106/06/29,1648386,21590300,13.35,13.35,12.85,12.85,-0.30,644
106/06/30,2331229,29877657,12.6,12.95,12.6,12.8,-0.05,682
106/07/03,1983578,24954066,12.8,12.8,12.45,12.5,-0.30,622
106/07/04,775499,9690160,12.6,12.65,12.4,12.4,-0.10,327
106/07/05,760204,9451078,12.45,12.5,12.3,12.5,+0.10,324
106/07/06,1152362,14594910,12.55,12.8,12.5,12.65,+0.15,457
106/07/07,976061,12384109,12.8,12.85,12.45,12.45,-0.20,387
106/07/10,1411981,17325569,12.6,12.6,12.15,12.15,-0.30,490
106/07/11,931965,11413323,12.3,12.4,12.1,12.2,+0.05,308
106/07/12,1020239,12578826,12.3,12.45,12.2,12.3,+0.10,347
106/07/13,1104000,13782400,12.35,12.6,12.3,12.4,+0.10,400
106/07/14,4318824,55131262,12.4,12.9,12.4,12.8,+0.40,1039
106/07/17,843666,10633425,12.75,12.75,12.5,12.55,-0.25,361
106/07/18,3344433,43534481,12.6,13.2,12.6,12.95,+0.40,1131
106/07/19,1451600,18926710,13.1,13.2,12.9,12.9,-0.05,454
106/07/20,839300,10850188,13.15,13.15,12.8,12.85,-0.05,283
106/07/21,728541,9364824,12.9,12.95,12.8,12.85, 0.00,236
106/07/24,620600,7930238,12.7,12.95,12.7,12.7,-0.15,266
106/07/25,680833,8620061,12.85,12.85,12.6,12.6,-0.10,259
106/07/26,5896041,76841465,12.6,13.4,12.6,12.85,+0.25,1616
106/07/27,1025167,13168001,13.0,13.05,12.75,12.75,-0.10,423
106/07/28,746244,9495724,12.8,12.85,12.65,12.65,-0.10,316
106/07/31,826833,10359662,12.75,12.75,12.4,12.55,-0.10,269
106/08/01,2971885,38412503,12.5,13.15,12.5,12.95,+0.40,812
106/08/02,7106271,93966810,12.95,13.35,12.85,13.15,+0.20,1535
106/08/03,1408961,18408299,13.15,13.3,12.85,12.9,-0.25,565
106/08/04,845993,10916760,12.85,13.05,12.8,12.9, 0.00,363
106/08/07,3291499,43142337,12.9,13.3,12.8,13.05,+0.15,731
106/08/08,1095573,14171562,13.1,13.15,12.8,12.9,-0.15,425
106/08/09,1239812,15757029,13.0,13.0,12.55,12.65,-0.25,476
106/08/10,2411600,29404600,12.65,12.65,12.0,12.1,-0.55,777
106/08/11,1829461,21763988,11.75,12.1,11.55,11.9,-0.20,619
106/08/14,1345014,15649505,11.95,12.0,11.3,11.3,-0.60,449
106/08/15,972099,11263145,11.6,11.75,11.35,11.7,+0.40,391
106/08/16,1465800,17265599,11.7,11.9,11.55,11.75,+0.05,380
106/08/17,1007800,12044620,11.8,12.0,11.8,12.0,+0.25,342
106/08/18,977233,11465764,11.9,11.9,11.65,11.7,-0.30,372
106/08/21,1122513,13398202,11.75,12.1,11.7,11.95,+0.25,381
106/08/22,839107,10084971,12.05,12.15,11.95,12.0,+0.05,276
106/08/23,6505600,80630458,12.1,12.55,12.0,12.45,+0.45,1262
106/08/24,1303066,16278368,12.5,12.6,12.4,12.45, 0.00,423
106/08/25,3219912,40608849,12.45,12.7,12.35,12.55,+0.10,824
106/08/28,707607,8842444,12.55,12.65,12.4,12.45,-0.10,280
106/08/29,1807074,22647709,12.45,12.7,12.35,12.4,-0.05,502
106/08/30,1360230,17141801,12.55,12.75,12.45,12.45,+0.05,428
106/08/31,3524458,44841276,12.55,12.95,12.45,12.45, 0.00,939
106/09/01,1070716,13338441,12.55,12.6,12.35,12.4,-0.05,390
106/09/04,1649099,20090092,12.35,12.45,12.0,12.05,-0.35,531
106/09/05,3007901,37090691,12.15,12.45,12.05,12.2,+0.15,670
106/09/06,1340620,16511713,12.3,12.5,12.2,12.2, 0.00,408
106/09/07,1525801,18537249,12.3,12.35,12.0,12.05,-0.15,446
106/09/08,1056796,12885220,12.15,12.3,12.1,12.15,+0.10,346
106/09/11,2801800,34785850,12.25,12.55,12.2,12.3,+0.15,639
106/09/12,1483765,18373105,12.55,12.55,12.3,12.35,+0.05,443
106/09/13,9861828,130680063,12.45,13.55,12.4,13.55,+1.20,2409
106/09/14,18806618,254423130,13.8,13.85,13.05,13.4,-0.15,4700
106/09/15,14937264,202999214,13.4,13.8,13.15,13.15,-0.25,3132
106/09/18,11491564,156716872,13.15,13.9,13.15,13.9,+0.75,3153
106/09/19,16307363,232049580,14.45,14.7,13.5,13.5,-0.40,5092
106/09/20,4846300,66578429,13.65,13.95,13.55,13.6,+0.10,1668
106/09/21,6047616,84374817,13.7,14.1,13.7,13.8,+0.20,1682
106/09/22,3279650,44282175,13.85,13.95,13.3,13.45,-0.35,1154
106/09/25,3206582,41644340,13.45,13.55,12.75,12.75,-0.70,1093
106/09/26,2245846,28206619,12.65,12.95,12.2,12.25,-0.50,837
106/09/27,1123320,13876167,12.35,12.5,12.2,12.4,+0.15,529
106/09/28,1686350,21238854,12.6,12.9,12.35,12.35,-0.05,704
106/09/29,1124392,13837900,12.5,12.6,12.15,12.3,-0.05,457
106/09/30,491604,6133198,12.35,12.55,12.35,12.5,+0.20,255
106/10/02,1328500,16797799,12.6,12.8,12.55,12.65,+0.15,496
106/10/03,3454330,44588973,12.7,13.1,12.65,12.9,+0.25,1094
106/10/05,996363,12790476,12.85,13.0,12.75,12.8,-0.10,388
106/10/06,1100280,14042856,12.95,13.0,12.65,12.65,-0.15,395
106/10/11,1855180,23195372,12.8,12.85,12.3,12.35,-0.30,669
106/10/12,1291756,15948085,12.45,12.45,12.2,12.4,+0.05,522
106/10/13,1220412,15307807,12.4,12.7,12.4,12.45,+0.05,466
106/10/16,1643998,20691922,12.5,12.7,12.45,12.55,+0.10,612
106/10/17,1578300,19746555,12.55,12.75,12.3,12.35,-0.20,626
106/10/18,1290500,15883348,12.4,12.45,12.25,12.3,-0.05,460
106/10/19,8641531,109491489,12.4,12.8,12.35,12.7,+0.40,1487
106/10/20,1314932,16562948,12.85,12.85,12.5,12.55,-0.15,519
106/10/23,1182774,14838584,12.7,12.7,12.45,12.5,-0.05,337
106/10/24,1014029,12657412,12.55,12.55,12.45,12.5, 0.00,305
106/10/25,5417145,70017447,12.85,13.3,12.75,12.8,+0.30,1572
106/10/26,21309833,288190466,12.75,14.0,12.7,13.75,+0.95,5981
106/10/27,7939689,108081157,13.8,14.1,13.15,13.15,-0.60,2657
106/10/30,9980762,136979774,13.85,13.95,13.2,13.85,+0.70,2935
106/10/31,7361758,102168812,13.8,14.15,13.6,14.05,+0.20,2135
106/11/01,8949052,124813434,14.0,14.3,13.5,14.3,+0.25,2327
106/11/02,10504800,149434939,14.45,14.5,13.8,13.8,-0.50,2852
106/11/03,24848209,359436205,14.1,14.9,13.9,14.05,+0.25,6526
106/11/06,12430966,175544036,14.05,14.55,13.6,13.7,-0.35,3217
106/11/07,2984100,41023060,13.9,13.95,13.6,13.65,-0.05,1101
106/11/08,2958932,40217532,13.75,13.85,13.5,13.55,-0.10,980
106/11/09,4901633,66050791,13.55,13.85,13.1,13.1,-0.45,1434
106/11/10,1802800,23482680,13.0,13.2,12.85,13.1, 0.00,691
106/11/13,2278600,29213490,13.1,13.1,12.65,12.7,-0.40,773
106/11/14,1586081,20117662,12.75,12.95,12.55,12.55,-0.15,565
106/11/15,7842600,103096059,13.65,13.7,12.7,12.85,+0.30,2254
106/11/16,1425500,18370575,12.8,13.0,12.8,12.85, 0.00,475
106/11/17,1209800,15652480,13.0,13.1,12.85,12.9,+0.05,455
106/11/20,2816797,36750390,13.05,13.25,12.85,12.9, 0.00,806
106/11/21,2408600,31630089,13.5,13.5,12.9,12.95,+0.05,841
106/11/22,1455512,18864056,13.05,13.1,12.8,12.9,-0.05,537
106/11/23,1694464,21888131,12.95,13.0,12.75,13.0,+0.10,555
106/11/24,4539301,59782663,13.1,13.4,12.95,13.0, 0.00,1115
106/11/27,1801965,23215254,13.05,13.1,12.8,12.8,-0.20,381
106/11/28,705200,9079249,12.9,13.0,12.8,12.8, 0.00,298
106/11/29,10312352,136577025,12.85,13.45,12.85,13.15,+0.35,2976
106/11/30,6573092,87922310,13.1,13.6,13.0,13.3,+0.15,2019
106/12/01,3455000,45243099,13.55,13.55,12.85,12.9,-0.40,982
106/12/04,1995287,26198431,13.3,13.3,12.9,13.15,+0.25,562
106/12/05,2608200,34164230,13.15,13.35,12.9,12.9,-0.25,690
106/12/06,7589229,93310357,12.95,13.0,11.75,12.0,-0.90,2156
106/12/07,2512933,29666109,11.9,12.05,11.6,11.7,-0.30,822
106/12/08,3791054,46331962,12.4,12.45,12.05,12.3,+0.60,1332
106/12/11,1902000,23744000,12.5,12.65,12.35,12.45,+0.15,687
106/12/12,1613804,19995998,12.45,12.5,12.2,12.25,-0.20,496
106/12/13,964034,11878265,12.3,12.4,12.25,12.3,+0.05,368
106/12/14,2342326,29359458,12.35,12.65,12.35,12.45,+0.15,621
106/12/15,692800,8487500,12.4,12.4,12.2,12.25,-0.20,268
106/12/18,715132,8778815,12.35,12.35,12.2,12.25, 0.00,269
106/12/19,2456499,30559836,12.3,12.6,12.25,12.45,+0.20,605
106/12/20,7484925,95460988,12.65,12.85,12.55,12.8,+0.35,1595
106/12/21,4298800,56174687,13.25,13.25,12.7,12.9,+0.10,1019
106/12/22,4781014,62571682,13.5,13.5,12.75,13.0,+0.10,1266
106/12/25,3962900,51731745,12.85,13.3,12.75,13.1,+0.10,1101
106/12/26,7946145,102794512,13.35,13.35,12.75,12.85,-0.25,1930
106/12/27,1374381,17611938,12.9,13.0,12.7,12.7,-0.15,452
106/12/28,4516230,57091484,12.75,13.0,12.4,12.55,-0.15,1388
106/12/29,8819965,108287870,12.65,12.75,12.0,12.25,-0.30,2554
107/01/02,1593633,19565317,12.3,12.4,12.1,12.4,+0.15,610
107/01/03,2102869,26343711,12.5,12.65,12.4,12.55,+0.15,699
107/01/04,1558466,19467899,12.5,12.6,12.4,12.55, 0.00,464
107/01/05,2952399,37183357,12.6,12.7,12.5,12.6,+0.05,668
107/01/08,22642306,293998328,12.65,13.1,12.6,13.0,+0.40,3354
107/01/09,2900878,37231549,12.9,13.0,12.7,12.75,-0.25,827
107/01/10,3303988,41528550,12.9,12.9,12.4,12.5,-0.25,785
107/01/11,814948,10148746,12.5,12.55,12.4,12.45,-0.05,331
107/01/12,1093299,13711120,12.55,12.6,12.45,12.55,+0.10,337
107/01/15,866600,10884769,12.65,12.7,12.45,12.5,-0.05,275
107/01/16,1257800,15804350,12.5,12.65,12.5,12.55,+0.05,394
107/01/17,1176599,14834416,12.6,12.75,12.55,12.6,+0.05,496
107/01/18,1107099,13971945,12.65,12.7,12.55,12.65,+0.05,409
107/01/19,1140899,14320445,12.65,12.7,12.45,12.45,-0.20,438
107/01/22,1262480,15670922,12.55,12.55,12.35,12.35,-0.10,466
107/01/23,2084494,26072349,12.45,12.65,12.3,12.45,+0.10,714
107/01/24,872027,10888936,12.45,12.55,12.4,12.5,+0.05,374
107/01/25,5561524,70767599,12.5,12.85,12.45,12.5, 0.00,1065
107/01/26,1057400,13253030,12.55,12.65,12.45,12.5, 0.00,329
107/01/29,923289,11577932,12.55,12.65,12.5,12.55,+0.05,280
107/01/30,914180,11375210,12.55,12.55,12.35,12.35,-0.20,307
107/01/31,933700,11470860,12.35,12.35,12.15,12.3,-0.05,345
107/02/01,599996,7440000,12.45,12.5,12.3,12.3, 0.00,240
107/02/02,492100,6078490,12.4,12.45,12.3,12.35,+0.05,229
107/02/05,1043354,12545714,12.05,12.15,11.9,12.1,-0.25,413
107/02/06,4081800,46316489,11.9,11.95,10.9,11.1,-1.00,1105
107/02/07,1292600,14554610,11.4,11.4,11.1,11.2,+0.10,500
107/02/08,1221366,13434371,11.2,11.35,10.85,10.85,-0.35,421
107/02/09,3086703,31618881,10.15,10.7,9.8,10.7,-0.15,902
107/02/12,880265,9495425,10.8,10.9,10.65,10.85,+0.15,438
107/02/21,950200,10595440,11.0,11.3,10.95,11.3,+0.45,379
107/02/22,903800,10270439,11.25,11.5,11.2,11.4,+0.10,348
107/02/23,1029000,12019050,11.55,11.9,11.45,11.7,+0.30,465
107/02/26,657000,7713700,11.85,11.9,11.6,11.7, 0.00,292
107/02/27,570400,6695830,11.9,11.9,11.65,11.75,+0.05,264
