ら戳,Θユ计,Θユ肂,秨絃基,程蔼基,程基,Μ絃基,害禴基畉,Θユ掸计,RSV,K9
2015/01/27,4491030,95440313,22.0,22.2,20.55,20.6,X0.00,2966,92.79,50
2015/01/28,2343328,47821306,20.1,21.35,19.5,20.65,+0.05,1081,93.02,50
2015/01/29,856851,17544875,20.8,20.85,20.2,20.3,-0.35,444,91.44,50
2015/01/30,660000,13420000,20.5,20.65,20.1,20.1,-0.20,350,90.54,50
2015/02/02,620103,12253322,20.1,20.15,19.55,19.65,-0.45,361,88.51,50
2015/02/03,208625,4132460,19.55,20.0,19.55,19.7,+0.05,139,88.74,50
2015/02/04,700451,13625113,19.7,19.85,19.0,19.2,-0.50,359,86.49,50
2015/02/05,404394,7851392,19.2,19.8,19.0,19.65,+0.45,244,88.51,50
2015/02/06,390649,7532312,19.5,19.55,19.1,19.1,-0.55,195,3.13,50
2015/02/09,292000,5604500,19.1,19.4,19.0,19.35,+0.25,155,14.89,38.29
2015/02/10,170000,3253500,19.35,19.35,19.05,19.05,-0.30,106,2.70,26.43
2015/02/11,188000,3608200,19.25,19.3,19.1,19.1,+0.05,105,6.06,19.64
2015/02/12,180500,3461872,19.1,19.3,19.1,19.25,+0.15,103,21.74,20.34
2015/02/13,262000,5086150,19.25,19.6,19.25,19.3,+0.05,153,30.00,23.56
2015/02/24,574000,11397400,19.5,20.3,19.5,20.0,+0.70,299,76.92,41.35
2015/02/25,323400,6433769,20.0,20.2,19.7,19.9,-0.10,171,69.23,50.65
2015/02/26,201000,4004750,20.1,20.1,19.75,20.0,+0.10,118,76.92,59.41
2015/03/02,173500,3434349,19.8,20.1,19.7,19.7,-0.30,90,53.85,57.56
2015/03/03,145000,2833600,19.65,19.7,19.45,19.5,-0.20,75,36.00,50.37
2015/03/04,114150,2228060,19.5,19.7,19.4,19.5,0.00,66,33.33,44.69
2015/03/05,107000,2092800,19.5,19.7,19.45,19.45,-0.05,64,29.17,39.51
2015/03/06,216040,4198028,19.45,19.5,19.35,19.4,-0.05,94,14.29,31.10
2015/03/09,193000,3771850,19.5,19.7,19.4,19.5,+0.10,99,15.79,25.99
2015/03/10,198000,3879700,19.7,19.8,19.45,19.55,+0.05,92,23.53,25.17
2015/03/11,268006,5238917,19.5,19.8,19.4,19.5,-0.05,120,20.00,23.45
2015/03/12,170813,3331811,19.5,19.7,19.4,19.5,0.00,96,20.00,22.30
2015/03/13,160000,3130750,19.5,19.65,19.5,19.5,0.00,74,33.33,25.98
2015/03/16,194320,3792806,19.5,19.65,19.5,19.5,0.00,106,33.33,28.43
2015/03/17,666166,13366335,19.5,20.6,19.5,20.1,+0.60,333,60.00,38.95
2015/03/18,230000,4573300,19.75,20.05,19.75,19.85,-0.25,115,40.00,39.30
2015/03/19,183000,3615500,19.85,19.9,19.65,19.85,0.00,92,37.50,38.70
2015/03/20,102500,2021597,19.85,19.9,19.6,19.7,-0.15,73,25.00,34.13
2015/03/23,282087,5508746,19.75,19.75,19.45,19.5,-0.20,126,8.33,25.53
2015/03/24,339004,6535877,19.5,19.5,19.15,19.35,-0.15,157,13.79,21.62
2015/03/25,380223,7261370,19.2,19.3,19.0,19.15,-0.20,164,9.37,17.53
2015/03/26,205305,3924655,19.05,19.3,19.0,19.2,+0.05,80,12.50,15.86
2015/03/27,192100,3674950,19.2,19.3,19.0,19.2,0.00,84,12.50,14.74
2015/03/30,158000,3016700,19.0,19.15,19.0,19.05,-0.15,61,4.76,11.42
2015/03/31,199000,3793750,19.1,19.15,19.0,19.15,+0.10,83,16.67,13.17
2015/04/01,111000,2133150,19.05,19.3,19.05,19.25,+0.10,65,27.78,18.04
2015/04/02,124000,2395350,19.3,19.4,19.2,19.25,0.00,70,33.33,23.14
2015/04/07,186000,3584550,19.5,19.55,19.15,19.2,-0.05,90,36.36,27.55
2015/04/08,105000,2025200,19.2,19.4,19.15,19.3,+0.10,62,54.55,36.55
2015/04/09,75195,1447276,19.2,19.3,19.15,19.2,-0.10,47,36.36,36.49
2015/04/10,140000,2686950,19.2,19.3,19.05,19.2,0.00,60,36.36,36.45
2015/04/13,50000,962350,19.3,19.3,19.2,19.25,+0.05,36,45.45,39.45
2015/04/14,230284,4476723,19.3,19.5,19.3,19.45,+0.20,108,81.82,53.57
2015/04/15,119000,2305850,19.6,19.6,19.15,19.15,-0.30,78,18.18,41.77
2015/04/16,135000,2609000,19.2,19.5,19.2,19.35,+0.20,61,54.55,46.03
2015/04/17,131506,2522064,19.35,19.35,19.1,19.2,-0.15,69,27.27,39.78
2015/04/20,79000,1508500,19.1,19.2,19.05,19.1,-0.10,39,9.09,29.55
2015/04/21,305500,5775699,19.2,19.2,18.5,18.9,-0.20,133,36.36,31.82
2015/04/22,210500,3939649,18.9,18.9,18.55,18.9,0.00,80,36.36,33.33
2015/04/23,67000,1260800,18.65,18.9,18.65,18.85,-0.05,47,31.82,32.83
2015/04/24,131000,2449850,18.85,18.85,18.6,18.65,-0.20,64,13.64,26.44
2015/04/27,139200,2582529,18.65,18.65,18.5,18.6,-0.05,71,9.09,20.66
2015/04/28,330000,6037350,18.5,18.5,18.1,18.2,-0.40,175,7.14,16.15
2015/04/29,514283,9574277,18.1,19.2,18.1,18.7,+0.50,181,48.00,26.77
2015/04/30,324100,6168250,18.5,19.4,18.5,19.15,+0.45,149,80.77,44.77
2015/05/04,186100,3546769,19.15,19.15,18.85,18.85,-0.30,91,57.69,49.08
2015/05/05,240000,4559550,18.9,19.1,18.85,19.0,+0.15,75,69.23,55.80
2015/05/06,67000,1264450,18.9,19.0,18.75,19.0,0.00,43,69.23,60.28
2015/05/07,65016,1225954,19.0,19.0,18.75,18.8,-0.20,44,53.85,58.14
2015/05/08,318521,6045849,18.65,19.25,18.65,19.0,+0.20,145,69.23,61.84
2015/05/11,754000,14895200,19.5,20.3,19.3,19.4,+0.40,356,59.09,60.93
2015/05/12,298000,5669200,19.2,19.2,18.85,18.9,-0.50,144,36.36,52.74
2015/05/13,147000,2781600,18.8,19.0,18.8,18.9,0.00,69,22.22,42.57
2015/05/14,120001,2259220,19.0,19.0,18.75,18.75,-0.15,55,6.06,30.40
2015/05/15,95000,1780300,18.9,18.9,18.7,18.75,0.00,52,6.06,22.29
2015/05/18,192000,3632950,18.75,19.1,18.65,18.9,+0.15,86,15.15,19.91
2015/05/19,144034,2705985,18.75,18.9,18.7,18.9,0.00,77,15.15,18.32
2015/05/20,118034,2217197,19.0,19.0,18.7,18.9,0.00,56,15.15,17.26
2015/05/21,87019,1626403,18.75,18.8,18.65,18.65,-0.25,54,0.00,11.51
2015/05/22,321000,5931500,18.65,18.7,18.35,18.4,-0.25,164,5.88,9.63
2015/05/25,522000,9879500,18.5,19.2,18.5,18.9,+0.50,227,64.71,27.99
2015/05/26,150000,2812300,18.75,19.0,18.65,18.7,-0.20,69,41.18,32.39
2015/05/27,91000,1694400,18.65,18.7,18.55,18.65,-0.05,51,35.29,33.35
2015/05/28,93000,1731100,18.65,18.7,18.55,18.6,-0.05,52,29.41,32.03
2015/05/29,139000,2595000,18.6,18.75,18.6,18.7,+0.10,68,41.18,35.08
2015/06/01,204000,3771400,18.5,18.75,18.4,18.65,-0.05,86,35.29,35.15
2015/06/02,77000,1437600,18.6,18.75,18.6,18.65,0.00,40,35.29,35.19
2015/06/03,136100,2529690,18.65,18.65,18.5,18.5,-0.15,54,17.65,29.34
2015/06/04,312000,5697450,18.5,18.5,18.15,18.4,-0.10,127,23.81,27.50
2015/06/05,283000,5057350,18.3,18.3,17.5,17.8,-0.60,117,20.00,25.00
2015/06/08,104000,1858800,18.25,18.25,17.75,17.85,+0.05,43,28.00,26.00
2015/06/09,159000,2771700,17.6,17.75,16.9,17.2,-0.65,68,16.22,22.74
2015/06/10,156001,2697367,17.25,17.45,17.1,17.4,+0.20,64,27.03,24.17
2015/06/11,229000,3885150,17.3,17.3,16.55,16.95,-0.45,91,18.18,22.17
2015/06/12,100225,1674500,16.9,16.95,16.5,16.95,0.00,59,20.00,21.45
2015/06/15,48000,818900,17.0,17.2,16.8,17.05,+0.10,25,25.58,22.83
2015/06/16,90000,1503350,16.8,16.8,16.6,16.75,-0.30,33,12.50,19.39
2015/06/17,94000,1587800,16.65,17.05,16.6,16.9,+0.15,47,22.22,20.34
2015/06/18,72466,1217988,16.8,17.0,16.65,17.0,+0.10,34,28.57,23.08
2015/06/22,285100,5130550,17.7,18.3,17.4,18.0,+1.00,143,83.33,43.17
2015/06/23,158059,2864412,18.2,18.3,17.95,18.1,+0.10,90,88.89,58.41
2015/06/24,144059,2600629,18.0,18.1,17.95,18.1,0.00,67,88.89,68.57
2015/06/25,194000,3519950,18.25,18.3,18.05,18.1,0.00,79,88.89,75.34
2015/06/26,50000,899100,18.05,18.05,17.9,17.95,-0.15,30,79.41,76.70
2015/06/29,168000,2886250,16.4,17.8,16.4,17.25,-0.70,82,44.74,66.04
2015/06/30,87124,1499001,16.9,17.45,16.9,17.3,+0.05,43,47.37,59.82
2015/07/01,34000,588400,17.4,17.45,17.2,17.3,0.00,21,47.37,55.67
2015/07/02,70000,1208050,17.1,17.45,17.1,17.4,+0.10,30,52.63,54.65
2015/07/03,109000,1863850,17.3,17.3,16.95,17.15,-0.25,50,39.47,49.59
2015/07/06,48000,815150,17.2,17.2,16.9,17.1,-0.05,36,36.84,45.34
2015/07/07,39000,666150,17.4,17.4,17.0,17.1,0.00,27,36.84,42.51
2015/07/08,75000,1263650,17.1,17.1,16.7,16.95,-0.15,47,33.33,39.45
2015/07/09,128000,2128500,16.5,16.8,16.4,16.8,-0.15,49,28.57,35.82
2015/07/13,108083,1874352,17.5,17.5,17.2,17.25,+0.45,62,77.27,49.64
2015/07/14,106000,1811350,17.25,17.25,17.0,17.15,-0.10,52,68.18,55.82
2015/07/15,48010,818070,17.0,17.15,17.0,17.1,-0.05,31,63.64,58.42
2015/07/16,62000,1069250,17.1,17.4,17.1,17.4,+0.30,33,90.91,69.25
2015/07/17,72000,1250300,17.45,17.45,17.25,17.4,0.00,43,90.91,76.47
2015/07/20,167190,2981775,17.4,18.2,17.4,17.7,+0.30,95,72.22,75.05
2015/07/21,185020,3316312,17.9,18.1,17.75,17.95,+0.25,86,86.11,78.73
2015/07/22,205000,3634600,17.95,18.0,17.55,17.8,-0.15,86,77.78,78.42
2015/07/23,105000,1849200,17.8,17.8,17.4,17.75,-0.05,63,62.50,73.11
2015/07/24,194000,3428750,17.65,17.85,17.5,17.8,+0.05,71,66.67,70.96
2015/07/27,183000,3217250,17.8,17.9,17.2,17.35,-0.45,79,29.17,57.03
2015/07/28,121000,2087650,17.35,17.6,17.1,17.4,+0.05,74,27.27,47.11
2015/07/29,71000,1217100,17.4,17.4,17.0,17.25,-0.15,36,20.83,38.35
2015/07/30,92997,1593548,17.25,17.25,17.05,17.25,0.00,46,20.83,32.51
2015/07/31,106145,1817465,17.1,17.2,17.0,17.2,-0.05,39,18.18,27.73
2015/08/03,169087,2889505,17.2,17.2,16.9,17.2,0.00,76,27.27,27.58
2015/08/04,95150,1597142,16.85,16.85,16.7,16.8,X0.00,57,8.33,21.17
2015/08/05,255000,4314650,16.95,17.2,16.7,16.7,-0.10,126,0.00,14.11
2015/08/06,81000,1353650,16.75,17.0,16.7,16.7,0.00,45,0.00,9.41
2015/08/07,64000,1073100,16.65,16.95,16.65,16.9,+0.20,30,26.32,15.04
2015/08/10,383145,6603594,16.9,17.5,16.9,17.4,+0.50,187,88.24,39.44
2015/08/11,363276,6560956,17.7,18.6,17.7,17.75,+0.35,215,56.41,45.09
2015/08/12,119000,2091800,17.95,17.95,17.5,17.6,-0.15,63,48.72,46.30
2015/08/13,108140,1882678,17.25,17.6,17.2,17.55,-0.05,72,46.15,46.25
2015/08/14,121000,2123100,17.5,17.65,17.5,17.65,+0.10,66,51.28,47.92
2015/08/17,156000,2780700,17.7,17.95,17.7,17.9,+0.25,90,64.10,53.32
2015/08/18,84000,1489300,17.75,17.9,17.65,17.9,0.00,43,64.10,56.92
2015/08/19,126000,2206350,17.75,17.75,17.35,17.4,-0.50,90,38.46,50.77
2015/08/20,111000,1938450,17.5,17.6,17.25,17.5,+0.10,84,35.29,45.61
2015/08/21,148039,2538484,17.4,17.4,16.9,17.4,-0.10,92,29.41,40.21
2015/08/24,245106,3954696,16.9,17.0,15.7,15.95,-1.45,141,11.11,30.51
2015/08/25,191196,2950316,14.9,15.85,14.9,15.5,-0.45,89,19.67,26.90
2015/08/26,135000,2140150,15.5,16.2,15.5,15.8,+0.30,68,29.51,27.77
2015/08/27,71000,1144850,15.8,16.3,15.8,16.3,+0.50,45,45.90,33.81
2015/08/28,73225,1190678,16.5,16.5,16.15,16.2,-0.10,37,43.33,36.98
2015/08/31,596050,10555135,17.8,17.8,17.3,17.55,+1.35,293,91.38,55.11
2015/09/01,128000,2261600,17.55,17.9,17.45,17.75,+0.20,88,95.00,68.41
2015/09/02,349725,6280595,17.6,18.3,17.55,18.3,+0.55,189,100.00,78.94
2015/09/03,2191995,42362752,18.3,20.1,18.3,19.35,+1.05,847,85.58,81.16
2015/09/04,2268193,45880179,19.35,21.0,19.35,20.0,+0.65,958,83.61,81.98
2015/09/07,3532628,76663568,20.9,22.0,20.85,21.95,+1.95,1468,99.23,87.73
2015/09/08,2435900,53665440,22.1,22.6,21.6,21.75,-0.20,1076,87.50,87.66
2015/09/09,2518223,56840267,22.6,23.25,22.0,22.3,+0.55,1041,86.62,87.31
2015/09/10,1250600,27643069,22.0,22.55,21.7,22.1,-0.20,608,80.67,85.10
2015/09/11,4854665,113646241,22.35,24.25,22.35,23.85,+1.75,2146,94.12,88.10
2015/09/14,5097044,122757703,24.05,25.25,23.0,23.0,-0.85,2185,70.78,82.32
2015/09/15,2237370,50289797,22.9,23.5,21.7,21.75,-1.25,1203,49.64,71.43
2015/09/16,2039073,45525942,22.3,22.75,21.65,22.6,+0.85,1027,55.08,65.98
2015/09/17,5052405,125172364,24.1,24.85,24.1,24.85,+2.25,1276,90.91,74.29
2015/09/18,9200884,239389022,25.5,27.1,24.85,26.05,+1.20,3919,80.91,76.50
2015/09/21,3056958,78715479,25.45,26.8,25.1,26.8,+0.75,1598,94.50,82.50
2015/09/22,4796182,128571082,27.25,28.3,25.9,26.05,-0.75,2428,66.17,77.06
2015/09/23,2928577,76866102,25.35,27.0,25.25,26.0,-0.05,1724,65.41,73.17
2015/09/24,6356226,167989535,26.6,27.75,24.55,25.8,-0.20,3401,62.41,69.58
2015/09/25,3027305,76724419,25.95,26.2,24.9,25.25,-0.55,1603,54.14,64.44
2015/09/30,3452404,83492856,25.0,25.25,23.3,24.0,-1.25,1947,35.34,54.74
2015/10/01,3882896,97214818,24.2,25.65,24.1,25.3,+1.30,2092,40.00,49.82
2015/10/02,3069140,78920272,24.95,26.35,24.95,25.0,-0.30,1684,34.00,44.54
2015/10/05,1685000,42348300,25.35,25.65,24.65,25.1,+0.10,848,36.00,41.69
2015/10/06,6335500,168050025,25.4,27.6,25.25,25.65,+0.55,3019,47.00,43.46
2015/10/07,9650402,268681384,26.85,28.2,26.5,28.2,+2.55,3990,100.00,62.30
2015/10/08,7994630,209690652,28.1,28.1,25.4,25.4,-2.80,3487,42.86,55.82
2015/10/12,2352600,58265730,25.0,25.3,24.05,25.0,-0.40,1284,34.69,48.77
2015/10/13,1683028,42014792,25.0,25.3,24.6,25.1,+0.10,937,36.73,44.75
2015/10/14,908742,22661314,25.0,25.1,24.75,24.9,-0.20,513,20.48,36.66
2015/10/15,3051247,75733238,25.2,25.9,24.1,24.1,-0.80,1863,1.20,24.84
2015/10/16,1445500,34850573,24.3,24.6,23.75,23.8,-0.30,852,1.12,16.93
2015/10/19,2172000,52573150,24.5,24.95,23.4,24.35,+0.55,1207,19.79,17.89
2015/10/20,3978696,101222196,24.8,26.2,24.5,26.0,+1.65,2133,54.17,29.99
2015/10/21,1744650,44614209,26.0,26.0,25.25,25.35,-0.65,981,41.49,33.82
2015/10/22,1330196,33521689,25.15,25.6,24.8,25.2,-0.15,704,64.29,43.98
2015/10/23,1226000,30604000,25.3,25.6,24.65,24.65,-0.55,664,44.64,44.20
2015/10/26,1056300,25696979,24.8,24.95,24.0,24.1,-0.55,618,25.00,37.80
2015/10/27,1076000,25972800,24.1,24.6,23.8,24.1,0.00,606,25.00,33.53
2015/10/28,1580000,38719800,24.25,25.1,23.95,24.1,0.00,900,25.00,30.68
2015/10/29,1140575,27178183,24.2,24.2,23.6,23.6,-0.50,513,7.14,22.83
2015/10/30,1333300,31039693,23.6,23.95,22.65,23.65,+0.05,806,28.17,24.61
2015/11/02,697800,16611450,23.7,24.15,23.4,23.55,-0.10,442,26.87,25.37
2015/11/03,663214,15701229,23.6,24.05,23.4,23.4,-0.15,392,25.42,25.38
2015/11/04,724153,17012452,23.45,23.85,23.3,23.3,-0.10,438,22.03,24.26
2015/11/05,2973200,74246720,23.55,25.6,23.55,25.6,+2.30,1218,100.00,49.50
2015/11/06,4160200,106601479,26.3,26.3,24.6,25.15,-0.45,1856,68.49,55.83
2015/11/09,2514000,61923750,25.5,25.65,23.6,23.75,-1.40,1165,30.14,47.27
2015/11/10,1147001,27052975,23.25,24.2,22.95,24.1,+0.35,720,39.73,44.75
2015/11/11,731000,17347550,24.5,24.5,23.4,23.45,-0.65,443,21.92,37.14
2015/11/12,525000,12286850,23.5,23.95,23.1,23.4,-0.05,344,13.43,29.24
2015/11/13,511000,11962750,23.3,23.8,23.15,23.6,+0.20,288,19.40,25.96
2015/11/16,1077317,24412677,23.05,23.15,22.1,22.6,-1.00,661,11.90,21.28
2015/11/17,593200,13709810,23.1,23.4,22.75,23.05,+0.45,367,22.62,21.73
2015/11/18,420000,9643500,23.35,23.35,22.75,22.85,-0.20,299,17.86,20.44
2015/11/19,666000,15630000,23.0,23.85,22.9,23.65,+0.80,465,43.66,28.18
2015/11/20,842000,19410400,23.65,23.65,22.65,22.95,-0.70,450,35.42,30.60
2015/11/23,400000,9197200,23.4,23.4,22.85,22.95,0.00,241,35.42,32.21
2015/11/24,1064000,23798200,23.15,23.15,22.0,22.15,-0.80,541,7.69,24.03
2015/11/25,1097000,24119400,22.15,22.5,21.7,21.7,-0.45,501,0.00,16.02
2015/11/26,1914000,42481250,22.05,22.6,21.7,22.3,+0.60,790,27.91,19.98
2015/11/27,582000,12956600,22.45,22.45,22.05,22.2,-0.10,329,23.26,21.07
2015/11/30,434000,9504850,22.0,22.05,21.8,21.8,-0.40,241,4.65,15.60
2015/12/01,636000,14036000,21.9,22.3,21.8,22.1,+0.30,277,18.60,16.60
2015/12/02,794000,17687450,22.35,22.6,22.05,22.1,0.00,387,20.51,17.91
2015/12/03,2022000,46714450,22.4,23.85,22.05,23.15,+1.05,1146,67.44,34.42
2015/12/04,611573,14013193,22.95,23.1,22.7,22.85,-0.30,334,53.49,40.78
2015/12/07,5943000,146023400,23.15,25.1,22.9,24.1,+1.25,2700,70.59,50.72
2015/12/08,2142000,50012300,24.4,24.4,22.85,22.85,-1.25,1175,33.82,45.08
2015/12/09,1329000,29501700,22.85,23.15,21.8,22.25,-0.60,739,13.64,34.60
2015/12/10,551209,12125489,22.25,22.4,21.5,22.2,-0.05,307,19.44,29.55
2015/12/11,778070,16939733,22.2,22.4,21.3,21.3,-0.90,426,0.00,19.70
2015/12/14,786110,16168255,21.3,21.3,20.25,20.4,-0.90,434,3.09,14.16
2015/12/15,670000,13704700,20.65,20.9,20.0,20.5,+0.10,350,9.80,12.71
2015/12/16,803000,16437900,20.45,20.75,20.15,20.7,+0.20,387,13.73,13.05
2015/12/17,478000,10048750,20.7,21.35,20.7,21.15,+0.45,295,22.55,16.22
2015/12/18,293000,6137950,20.75,21.15,20.7,20.95,-0.20,168,21.59,18.01
2015/12/21,492600,10416500,20.7,21.6,20.5,21.2,+0.25,321,38.10,24.71
2015/12/22,420150,8834700,21.2,21.35,20.85,20.9,-0.30,211,37.50,28.97
2015/12/23,357190,7544610,21.2,21.4,20.9,20.9,0.00,179,37.50,31.81
2015/12/24,386110,8033315,21.05,21.05,20.6,20.8,-0.10,158,50.00,37.88
2015/12/25,465300,9615405,21.0,21.0,20.55,20.9,+0.10,216,56.25,44.00
2015/12/28,224085,4695927,20.95,21.05,20.8,20.9,0.00,123,51.72,46.57
2015/12/29,212000,4450150,20.9,21.2,20.8,20.95,+0.05,104,40.91,44.69
2015/12/30,357000,7543900,21.0,21.45,20.8,20.8,-0.15,206,27.27,38.88
2015/12/31,225070,4704551,20.85,21.2,20.8,20.8,0.00,113,27.27,35.01
2016/01/04,438000,9067850,21.2,21.2,20.45,20.7,-0.10,227,25.00,31.67
2016/01/05,246420,5098144,20.7,21.0,20.4,20.6,-0.10,123,19.05,27.46
2016/01/06,424111,8857408,20.9,21.2,20.65,20.8,+0.20,206,38.10,31.01
2016/01/07,667400,13568130,21.0,21.0,20.05,20.2,-0.60,315,10.71,24.24
2016/01/08,396000,8013350,20.2,20.55,19.9,20.5,+0.30,194,38.71,29.06
2016/01/11,677208,14145576,20.5,21.1,20.5,20.8,+0.30,399,58.06,38.72
2016/01/12,369196,7626768,21.0,21.1,20.4,20.4,-0.40,221,32.26,36.56
2016/01/13,203000,4189250,20.7,20.8,20.45,20.8,+0.40,122,69.23,47.45
2016/01/14,381000,7804900,20.9,20.9,20.25,20.5,-0.30,186,46.15,47.01
2016/01/15,463150,9503002,20.6,20.8,20.3,20.3,-0.20,210,30.77,41.60
2016/01/18,894000,18534450,20.25,21.3,20.2,21.2,+0.90,439,92.86,58.68
2016/01/19,2621315,59333237,21.4,23.3,21.3,22.35,+1.15,1403,72.06,63.14
2016/01/20,1708411,38745734,22.4,23.15,22.05,22.25,-0.10,926,69.12,65.13
2016/01/21,680124,14828553,22.1,22.5,21.45,21.55,-0.70,381,43.55,57.94
2016/01/22,581100,12624155,22.0,22.3,21.25,21.55,0.00,328,43.55,53.15
2016/01/25,485504,10652888,21.65,22.1,21.65,22.1,+0.55,296,61.29,55.86
2016/01/26,939001,21134222,22.1,22.85,21.9,22.45,+0.35,564,72.58,61.43
2016/01/27,1198500,27385200,22.7,23.2,22.35,22.6,+0.15,613,77.42,66.76
2016/01/28,2809620,66212720,22.9,23.95,22.9,23.5,+0.90,1455,88.00,73.84
2016/01/29,2088946,50115972,23.75,24.25,23.6,23.7,+0.20,1059,81.67,76.45
2016/01/30,1113014,26790331,24.2,24.5,23.75,23.8,+0.10,584,78.46,77.12
2016/02/01,579475,13739205,23.85,24.0,23.5,23.8,0.00,372,78.46,77.56
2016/02/02,884000,21105800,23.7,24.15,23.5,23.8,0.00,432,78.46,77.86
2016/02/03,766000,18145150,23.8,23.9,23.3,23.75,-0.05,345,73.68,76.47
2016/02/15,4999070,129740670,26.0,26.1,25.25,26.1,+2.35,2043,100.00,84.31
2016/02/16,5207490,139516731,26.2,27.65,26.0,26.9,+0.80,2409,85.85,84.83
2016/02/17,2639229,71186852,26.9,27.5,26.25,26.8,-0.10,1339,82.11,83.92
2016/02/18,2597187,69327755,27.1,27.3,26.1,26.6,-0.20,1270,75.86,81.24
2016/02/19,8415904,237614335,26.8,29.0,26.8,27.9,+1.30,3870,80.70,81.06
2016/02/22,7754311,227167490,27.9,30.55,27.9,29.25,+1.35,4066,82.07,81.40
2016/02/23,3139368,89948626,28.9,29.35,28.2,28.4,-0.85,1694,70.34,77.72
2016/02/24,4028130,116255442,28.8,29.5,28.3,28.5,+0.10,2015,71.72,75.72
2016/02/25,4037960,113629652,29.1,29.2,27.3,27.3,-1.20,2152,38.68,63.37
2016/02/26,2118403,58402200,27.6,28.1,27.15,27.35,+0.05,1188,29.67,52.14
2016/03/01,3589290,102397260,27.6,29.1,27.45,29.0,+1.65,1924,65.17,56.48
2016/03/02,1989100,57329094,29.4,29.5,28.45,28.45,-0.55,1125,52.81,55.25
2016/03/03,2095500,58815524,28.9,28.9,27.45,27.9,-0.55,1104,29.33,46.61
2016/03/04,1066310,29854549,27.75,28.45,27.6,27.9,0.00,626,22.06,38.42
2016/03/07,1274532,36091275,28.1,28.65,27.9,28.15,+0.25,730,42.55,39.79
2016/03/08,11960523,360804006,28.4,30.95,28.25,30.95,+2.80,4864,100.00,59.86
2016/03/09,4692761,141217320,30.8,30.8,29.5,29.95,-1.00,2234,73.68,64.47
2016/03/10,6620089,210248713,30.7,32.7,30.5,31.5,+1.55,3697,78.38,69.11
2016/03/11,2813200,88206770,31.5,32.1,30.65,32.0,+0.50,1591,86.67,74.96
2016/03/14,4808337,159455989,32.0,34.4,32.0,32.5,+0.50,2596,72.66,74.19
2016/03/15,3107310,97550503,32.5,32.8,30.5,30.65,-1.85,1593,46.04,64.81
2016/03/16,1383000,43272550,30.65,31.65,30.65,31.35,+0.70,818,55.15,61.59
2016/03/17,2229000,70306400,31.4,32.5,30.95,31.2,-0.15,1302,50.77,57.98
2016/03/18,909779,28408953,31.3,31.5,30.9,31.2,0.00,532,47.97,54.64
2016/03/21,1460245,46332661,31.4,32.4,31.15,32.4,+1.20,897,59.18,56.16
2016/03/22,1262390,40087580,32.2,32.4,31.3,31.4,-1.00,743,23.08,45.13
2016/03/23,817250,25554450,31.4,31.8,31.0,31.0,-0.40,486,12.82,34.36
2016/03/24,2173075,67132450,31.0,31.8,29.85,31.35,+0.35,1280,32.97,33.90
2016/03/25,791200,24818790,31.2,31.7,31.05,31.45,+0.10,473,54.24,40.68
2016/03/28,5198590,169260520,31.9,33.3,31.35,31.35,-0.10,2855,43.48,41.61
2016/03/29,3392000,102070700,31.5,31.75,29.2,29.25,-2.10,1953,1.22,28.15
2016/03/30,1494223,44049007,29.35,30.0,28.9,29.3,+0.05,863,9.09,21.80
2016/03/31,648226,19089092,29.5,29.8,29.2,29.4,+0.10,538,11.36,18.32
2016/04/01,553050,16320557,29.4,29.75,29.2,29.4,0.00,395,11.36,16.00
2016/04/06,898613,26853229,29.6,30.3,29.2,30.1,+0.70,603,27.27,19.76
2016/04/07,845569,25297350,30.35,30.35,29.65,29.65,-0.45,443,17.05,18.85
2016/04/08,510115,15031405,29.5,29.8,29.25,29.4,-0.25,340,11.36,16.36
2016/04/11,1523301,46609646,31.0,31.2,30.15,30.15,+0.75,964,28.41,20.38
2016/04/12,1054018,32031540,30.2,31.0,29.75,29.95,-0.20,612,36.84,25.87
2016/04/13,587038,17809790,30.3,30.6,30.15,30.2,+0.25,377,56.52,36.09
2016/04/14,619180,18662398,30.45,30.65,29.9,30.05,-0.15,356,42.50,38.23
2016/04/15,4480319,143227260,30.05,32.8,30.05,32.35,+2.30,2641,87.50,54.66
2016/04/18,4285250,144383950,32.8,34.45,32.4,33.3,+0.95,2781,78.10,62.47
2016/04/19,4098034,138097549,33.6,35.25,31.9,34.0,+0.70,2519,79.17,68.04
2016/04/20,3165303,108832685,34.8,35.3,33.7,33.9,-0.10,1939,76.86,70.98
2016/04/21,2911020,100559744,34.0,35.1,33.45,34.9,+1.00,1693,92.79,78.25
2016/04/22,4171100,146425634,35.15,36.1,33.9,34.35,-0.55,2324,72.44,76.32
2016/04/25,2139307,71551138,34.35,34.5,32.8,33.2,-1.15,1338,53.23,68.62
2016/04/26,2687125,92379156,34.25,34.85,34.0,34.35,+1.15,1746,71.77,69.67
2016/04/27,1357655,46712730,34.65,34.85,34.0,34.2,-0.15,887,68.60,69.32
2016/04/28,7564501,268593500,34.8,36.3,34.35,34.35,+0.15,4469,55.68,64.77
2016/04/29,2538364,85946856,34.0,34.35,33.45,33.8,-0.55,1610,43.18,57.57
2016/05/03,1848907,63980071,34.5,35.15,34.15,34.4,+0.60,1269,45.71,53.62
2016/05/04,2445770,82002722,34.4,34.75,32.9,33.2,-1.20,1519,11.43,39.56
2016/05/05,3245072,107697283,33.55,34.5,32.0,34.5,+1.30,1959,58.14,45.75
2016/05/06,2099001,71896586,34.35,35.0,33.6,33.95,-0.55,1313,45.35,45.62
2016/05/09,1536000,51572550,34.15,34.3,33.1,33.1,-0.85,931,25.58,38.94
2016/05/10,3053605,95984211,31.05,32.05,30.65,31.5,-1.60,1914,15.04,30.97
2016/05/11,1811097,57802638,32.1,32.7,31.2,31.3,-0.20,1174,11.50,24.48
2016/05/12,3087193,94173017,31.0,32.0,29.25,29.25,-2.05,1784,0.00,16.32
2016/05/13,2387145,69679657,29.15,29.75,28.65,29.55,+0.30,1292,13.85,15.50
2016/05/16,2641206,81119485,29.4,31.55,29.0,31.0,+1.45,1479,37.01,22.67
2016/05/17,1283301,40052646,31.0,31.8,30.65,31.1,+0.10,787,38.58,27.97
2016/05/18,1599004,49986924,30.75,31.65,30.7,31.2,+0.10,964,40.16,32.04
2016/05/19,1218725,38363396,31.4,31.8,31.2,31.3,+0.10,785,46.90,36.99
2016/05/20,1000004,31125870,31.55,31.75,30.85,30.95,-0.35,671,56.79,43.59
2016/05/23,2139784,67973888,31.0,32.05,30.95,32.0,+1.05,1198,82.72,56.63
2016/05/24,1272400,40858068,32.0,32.5,31.7,31.8,-0.20,800,81.82,65.02
2016/05/25,804787,25575819,32.0,32.25,31.35,31.35,-0.45,518,70.13,66.73
2016/05/26,1224201,39177682,31.45,32.35,31.45,32.0,+0.65,706,85.71,73.06
2016/05/27,4278457,144898823,32.75,34.5,32.75,33.7,+1.70,2419,79.22,75.12
2016/05/30,4276783,150637052,33.9,36.15,33.75,35.7,+2.00,2726,91.74,80.66
2016/05/31,6507150,237038000,36.3,37.75,34.7,35.1,-0.60,3872,61.59,74.30
2016/06/01,7611068,283019871,35.1,38.6,35.0,38.6,+3.50,4176,100.00,82.86
2016/06/02,8222197,319052050,39.5,39.7,37.6,38.1,-0.50,4691,81.71,82.48
2016/06/03,3692100,141620852,38.6,39.15,37.5,38.6,+0.50,2314,86.83,83.93
2016/06/04,8615412,350723856,38.9,41.95,38.8,40.9,+2.30,5591,90.09,85.98
2016/06/06,3558986,143816885,41.0,41.15,39.85,40.15,-0.75,2296,82.86,84.94
2016/06/07,3311050,132597485,40.45,40.85,39.5,39.8,-0.35,2156,76.63,82.17
2016/06/08,3235973,126738699,40.5,40.55,38.5,38.65,-1.15,2136,59.76,74.70
2016/06/13,4539669,165764714,37.6,37.6,35.6,36.0,-2.65,2767,17.93,55.78
2016/06/14,4369516,162948220,36.8,37.95,36.8,36.9,+0.90,2840,27.34,46.30
2016/06/15,1974153,72984161,37.2,37.35,36.65,36.65,-0.25,1189,16.54,36.38
2016/06/16,1356004,49273344,36.8,36.85,36.1,36.15,-0.50,939,8.66,27.14
2016/06/17,3533600,131100208,36.7,37.7,36.45,36.8,+0.65,2240,18.90,24.39
2016/06/20,1571450,57479123,36.9,37.05,36.25,36.55,-0.25,1048,17.12,21.97
2016/06/21,2026615,75385882,36.85,37.65,36.65,36.8,+0.25,1320,22.86,22.27
2016/06/22,1179739,43724427,36.85,37.35,36.85,36.9,+0.10,744,26.26,23.60
2016/06/23,3212380,121079446,37.15,38.1,36.95,37.5,+0.60,1943,76.00,41.06
2016/06/24,3178314,114305997,37.8,37.85,34.25,35.45,-2.05,2062,31.17,37.76
2016/06/27,1430280,50631404,35.55,35.85,35.0,35.35,-0.10,1022,28.57,34.69
2016/06/28,1878001,65901035,35.0,35.65,34.55,35.55,+0.20,1151,33.77,34.39
2016/06/29,1266005,45494740,36.0,36.2,35.6,35.75,+0.20,903,38.96,35.92
2016/06/30,1202456,42583952,36.0,36.05,35.2,35.3,-0.45,697,27.27,33.04
2016/07/01,1113001,39587885,35.6,36.15,35.2,35.2,-0.10,664,24.68,30.26
2016/07/04,642200,22875088,35.5,35.9,35.3,35.6,+0.40,464,35.06,31.86
2016/07/05,2824344,103106998,35.7,37.15,35.6,36.1,+0.50,1737,48.05,37.26
2016/07/06,1170201,42173489,36.0,36.4,35.5,36.15,+0.05,685,52.78,42.43
2016/07/07,1552256,57136641,36.4,37.2,36.4,36.45,+0.30,1015,71.70,52.19
2016/07/11,1365244,49284220,36.9,36.9,35.7,36.1,-0.35,780,58.49,54.29
2016/07/12,1201299,42705129,36.1,36.3,35.25,35.5,-0.60,700,15.00,41.19
2016/07/13,1066852,38282816,35.6,36.2,35.55,35.95,+0.45,666,37.50,39.96
2016/07/14,694203,25153027,36.15,36.5,35.95,36.0,+0.05,511,40.00,39.97
2016/07/15,720303,25883374,36.25,36.3,35.7,35.9,-0.10,491,33.33,37.76
2016/07/18,1548879,56342766,35.9,36.85,35.65,36.25,+0.35,942,51.28,42.26
2016/07/19,1003570,36517917,36.4,36.75,36.15,36.4,+0.15,577,58.97,47.83
2016/07/20,750001,26767987,35.8,36.1,35.25,35.25,X0.00,496,0.00,31.89
2016/07/21,635000,22415350,35.35,35.55,35.2,35.25,0.00,365,2.94,22.24
2016/07/22,1141750,39540311,35.25,35.25,34.4,34.4,-0.85,735,0.00,14.83
2016/07/25,2766762,89800439,34.3,34.5,31.7,31.9,-2.50,1794,3.88,11.18
2016/07/26,1537369,48659444,31.9,32.05,31.2,31.85,-0.05,956,11.50,11.28
2016/07/27,1544101,50067581,32.15,32.9,32.0,32.1,+0.25,984,15.93,12.83
2016/07/28,634050,20273402,32.1,32.3,31.8,31.9,-0.20,430,12.39,12.68
2016/07/29,1191004,37447274,32.0,32.3,31.15,31.3,-0.60,747,2.68,9.34
2016/08/01,1092003,34245249,30.75,32.1,30.75,31.9,+0.60,764,21.50,13.40
2016/08/02,2579576,85543885,32.1,34.2,31.75,33.75,+1.85,1683,62.50,29.76
2016/08/03,1312122,44339748,33.3,34.15,33.3,33.7,-0.05,816,65.56,41.69
2016/08/04,573064,19294529,33.8,34.0,33.5,33.7,0.00,360,78.67,54.01
2016/08/05,712013,24246660,33.95,34.4,33.75,33.8,+0.10,402,83.56,63.86
2016/08/08,385100,13051804,34.1,34.1,33.75,33.75,-0.05,248,82.19,69.97
2016/08/09,910100,30034807,33.75,33.75,32.45,32.6,-1.15,646,50.68,63.54
2016/08/10,1522050,47967528,32.05,32.2,31.15,31.3,-1.30,927,15.07,47.38
2016/08/11,1275069,38977268,31.0,31.1,30.0,30.3,-1.00,720,6.82,33.86
2016/08/12,541004,16579028,30.45,31.0,30.4,30.55,+0.25,376,12.50,26.74
2016/08/15,342100,10418450,30.55,30.8,30.1,30.6,+0.05,235,13.64,22.38
2016/08/16,588100,18425858,30.6,31.7,30.6,31.35,+0.75,452,30.68,25.15
2016/08/17,320530,9974749,31.4,31.55,30.85,31.0,-0.35,257,22.73,24.35
2016/08/18,202004,6261782,31.0,31.4,30.8,31.0,0.00,168,24.39,24.36
2016/08/19,359512,11051279,31.4,31.4,30.5,30.5,-0.50,295,13.33,20.68
2016/08/22,281030,8567410,30.5,30.85,30.3,30.35,-0.15,213,15.91,19.09
2016/08/23,495574,15170544,30.5,31.0,30.4,30.45,+0.10,297,26.47,21.55
2016/08/24,160028,4893496,30.65,30.65,30.5,30.65,+0.20,138,34.37,25.83
2016/08/25,156024,4786770,30.85,30.85,30.6,30.65,0.00,131,34.37,28.68
2016/08/26,569185,17093996,30.5,30.6,29.5,30.35,-0.30,432,38.64,32.00
2016/08/29,550080,16577240,30.4,30.5,29.8,30.35,0.00,426,41.46,35.15
2016/08/30,2019149,64356267,30.45,32.45,30.45,32.0,+1.65,1516,84.75,51.68
2016/08/31,821374,26479967,31.8,32.65,31.8,31.95,-0.05,641,77.78,60.38
2016/09/01,428100,13610517,32.6,32.6,31.5,31.55,-0.40,311,65.08,61.94
2016/09/02,625003,19281049,31.3,31.8,30.45,30.5,-1.05,450,31.75,51.87
2016/09/05,1030006,31058536,30.5,30.95,29.85,30.25,-0.25,628,23.81,42.52
2016/09/06,890054,26656750,30.1,30.1,29.85,29.95,-0.30,576,14.29,33.11
2016/09/07,733010,22125962,30.05,30.5,29.95,30.4,+0.45,467,28.57,31.59
2016/09/08,513002,15484512,30.4,30.5,30.05,30.1,-0.30,302,10.53,24.57
2016/09/09,382100,11475427,30.1,30.25,29.9,30.2,+0.10,290,12.50,20.55
2016/09/10,483321,14411677,29.9,29.95,29.6,29.9,-0.30,253,9.84,16.98
2016/09/12,508003,15027046,29.95,29.95,29.35,29.35,-0.55,316,0.00,11.32
2016/09/13,636000,18428746,29.55,29.65,28.7,28.75,-0.60,393,1.61,8.09
2016/09/14,632000,17984550,28.75,29.0,28.0,28.25,-0.50,441,8.47,8.21
2016/09/19,312200,8910599,28.3,28.7,28.3,28.45,+0.20,247,18.00,11.47
2016/09/20,347450,10084600,28.45,29.2,28.45,29.05,+0.60,253,42.00,21.65
2016/09/21,278601,8080288,29.05,29.25,28.7,29.2,+0.15,174,48.00,30.43
2016/09/22,184004,5387816,29.35,29.4,29.15,29.3,+0.10,125,57.78,39.55
2016/09/23,369002,10691408,29.5,29.5,28.75,29.0,-0.30,220,51.28,43.46
2016/09/26,321006,9150274,29.0,29.0,28.3,28.35,-0.65,225,17.95,34.95
2016/09/29,416150,11684425,28.4,28.5,27.9,28.15,-0.20,253,14.29,28.06
2016/09/30,556002,15365460,27.45,27.95,27.45,27.7,-0.45,287,12.20,22.78
2016/10/03,824503,23735110,27.8,29.2,27.8,28.85,+1.15,536,68.29,37.95
2016/10/04,265000,7600650,29.0,29.05,28.55,28.6,-0.25,178,56.10,44.00
2016/10/05,146000,4194900,28.6,28.95,28.6,28.7,+0.10,95,60.98,49.66
2016/10/06,158000,4528850,28.7,28.85,28.5,28.65,-0.05,103,58.54,52.62
2016/10/07,304100,8657820,28.6,28.65,28.1,28.55,-0.10,160,53.66,52.97
2016/10/11,423001,12086130,29.0,29.2,28.05,28.2,-0.35,253,42.86,49.60
2016/10/12,95003,2671890,28.2,28.4,27.85,28.2,0.00,87,42.86,47.36
2016/10/13,203018,5781530,28.45,28.75,28.2,28.7,+0.50,152,71.43,55.38
2016/10/14,359216,10116398,28.65,28.8,27.8,28.5,-0.20,235,50.00,53.59
2016/10/17,252008,7081698,28.3,28.4,27.9,28.0,-0.50,157,14.29,40.49
2016/10/18,198100,5542080,28.2,28.2,27.9,27.9,-0.10,125,7.14,29.37
2016/10/19,166621,4647963,27.95,28.15,27.7,27.7,-0.20,136,0.00,19.58
2016/10/20,161008,4468821,27.7,27.95,27.7,27.7,0.00,114,0.00,13.05
2016/10/21,142300,3955767,27.75,27.95,27.7,27.7,0.00,96,0.00,8.70
2016/10/24,163001,4516427,27.8,27.9,27.6,27.6,-0.10,110,0.00,5.80
2016/10/25,326001,9146678,27.6,28.3,27.6,28.05,+0.45,217,37.50,16.37
2016/10/26,125472,3523436,28.15,28.15,28.0,28.15,+0.10,86,45.83,26.19
2016/10/27,84005,2350440,28.1,28.15,27.85,27.9,-0.25,72,37.50,29.96
2016/10/28,174185,4854185,28.15,28.15,27.6,27.6,-0.30,147,0.00,19.97
2016/10/31,207003,5653981,27.65,27.65,27.0,27.4,-0.20,142,30.77,23.57
2016/11/01,409581,10983218,27.25,27.25,26.5,26.6,-0.80,267,5.56,17.56
2016/11/02,680999,17577822,26.5,26.5,25.5,25.55,-1.05,435,1.79,12.31
2016/11/03,555795,13768196,25.1,25.6,24.3,24.5,-1.05,385,5.00,9.88
2016/11/04,1086077,25925480,24.6,24.6,23.3,23.7,-0.80,731,8.00,9.26
2016/11/07,301005,7306970,24.1,24.5,23.8,24.4,+0.70,224,22.68,13.73
2016/11/08,430051,10348776,24.5,24.8,23.8,23.85,-0.55,313,11.34,12.93
2016/11/09,638232,14598569,23.85,24.1,22.0,22.3,-1.55,425,4.88,10.25
2016/11/10,1468001,33586073,22.95,23.6,22.0,22.9,+0.60,645,15.93,12.14
2016/11/11,628051,14812739,23.1,24.1,22.8,24.1,+1.20,432,40.00,21.42
2016/11/14,372022,8968822,23.95,24.45,23.8,23.95,-0.15,255,43.33,28.72
2016/11/15,158250,3762775,24.05,24.05,23.55,23.6,-0.35,123,44.44,33.96
2016/11/16,248021,5950983,23.8,24.1,23.8,23.9,+0.30,153,67.86,45.26
2016/11/17,281047,6722575,23.9,24.3,23.75,23.8,-0.10,189,64.29,51.60
2016/11/18,145033,3464858,24.2,24.2,23.7,23.75,-0.05,113,62.50,55.23
2016/11/21,96184,2305408,24.15,24.15,23.85,23.9,+0.15,163,77.55,62.67
2016/11/22,105000,2516900,23.9,24.05,23.85,24.0,+0.10,73,81.63,68.99
2016/11/23,383000,9365750,24.0,24.8,23.95,24.25,+0.25,289,72.50,70.16
2016/11/24,182000,4426050,24.25,24.5,24.1,24.3,+0.05,105,60.00,66.77
2016/11/25,2626600,69495918,24.55,26.7,24.55,26.7,+2.40,1492,100.00,77.84
2016/11/28,1102530,29025656,26.3,26.7,26.15,26.25,-0.45,591,85.00,80.22
2016/11/29,398005,10285675,26.2,26.25,25.6,25.9,-0.35,282,73.33,77.92
2016/11/30,236009,6105476,25.9,26.05,25.65,25.8,-0.10,196,70.00,75.28
2016/12/01,223052,5745000,26.1,26.1,25.55,25.7,-0.10,191,64.91,71.83
2016/12/02,1004302,26547929,25.85,26.65,25.8,26.6,+0.90,680,96.49,80.05
2016/12/05,347004,9271916,26.95,26.95,26.4,26.75,+0.15,224,93.33,84.48
2016/12/06,466000,12507000,26.95,27.0,26.5,26.65,-0.10,314,87.93,85.63
2016/12/07,239368,6348325,26.95,26.95,26.25,26.3,-0.35,185,71.43,80.90
2016/12/08,307000,8101650,26.4,26.95,26.2,26.25,-0.05,194,48.28,70.02
2016/12/09,352003,9135534,26.5,26.5,25.8,26.0,-0.25,205,31.03,57.02
2016/12/12,664150,16743925,26.0,26.0,24.8,25.05,-0.95,453,11.36,41.80
2016/12/13,174000,4387300,25.2,25.65,25.0,25.2,+0.15,126,18.18,33.93
2016/12/14,175007,4443932,25.4,25.5,25.2,25.5,+0.30,127,31.82,33.23
2016/12/15,141282,3616331,25.65,25.7,25.5,25.65,+0.15,99,38.64,35.03
2016/12/16,181000,4606150,25.85,25.85,25.2,25.45,-0.20,126,29.55,33.20
2016/12/19,93000,2335950,25.2,25.2,25.0,25.1,-0.35,62,13.95,26.78
2016/12/20,76005,1921585,25.2,25.4,25.15,25.2,+0.10,65,18.60,24.05
2016/12/21,146000,3677850,25.3,25.4,25.0,25.2,0.00,84,23.53,23.87
2016/12/22,69000,1728600,25.05,25.15,25.0,25.0,-0.20,48,16.67,21.47
2016/12/23,189010,4711410,25.0,25.2,24.7,24.7,-0.30,124,0.00,14.31
2016/12/26,31004,774000,24.7,25.05,24.7,25.0,+0.30,30,26.09,18.24
2016/12/27,71005,1764930,25.0,25.0,24.7,24.95,-0.05,51,21.74,19.41
2016/12/28,134006,3321006,25.0,25.0,24.7,24.7,-0.25,83,0.00,12.94
2016/12/29,107096,2631905,24.7,24.9,24.4,24.4,-0.30,91,0.00,8.63
2016/12/30,88432,2173498,24.9,24.9,24.5,24.55,+0.15,70,15.00,10.75
2017/01/03,98082,2392238,24.55,24.55,24.1,24.3,-0.25,77,15.38,12.30
2017/01/04,175000,4342450,24.4,25.1,24.4,24.8,+0.50,131,63.64,29.41
2017/01/05,87076,2155671,24.8,25.0,24.65,24.75,-0.05,60,59.09,39.31
2017/01/06,476000,12050950,24.75,25.7,24.75,25.7,+0.95,314,100.00,59.54
2017/01/09,192836,4928524,25.7,25.9,25.25,25.75,+0.05,153,91.67,70.25
2017/01/10,201007,5071682,25.4,25.6,24.95,25.3,-0.45,158,66.67,69.05
2017/01/11,202315,5020260,25.15,25.15,24.65,24.7,-0.60,145,33.33,57.14
2017/01/12,146015,3589790,24.7,24.7,24.5,24.5,-0.20,126,22.22,45.50
2017/01/13,74009,1811634,24.6,24.65,24.4,24.4,-0.10,72,16.67,35.89
2017/01/16,145024,3497200,24.4,24.4,23.95,23.95,-0.45,130,0.00,23.93
2017/01/17,84702,2045889,23.95,24.4,23.95,24.4,+0.45,73,23.08,23.64
2017/01/18,128298,3094002,24.5,24.5,23.95,24.1,-0.30,95,7.69,18.32
2017/01/19,44018,1061850,24.15,24.25,24.05,24.2,+0.10,54,12.82,16.48
2017/01/20,73275,1765525,24.25,24.25,24.05,24.15,-0.05,76,12.12,15.03
2017/01/23,119017,2848325,24.1,24.15,23.6,23.9,-0.25,90,19.35,16.47
2017/01/24,159062,3793961,24.0,24.05,23.6,23.8,-0.10,102,18.18,17.04
2017/02/02,126015,2974425,23.8,23.8,23.5,23.6,-0.20,105,8.70,14.26
2017/02/03,124221,2971804,24.0,24.0,23.7,24.0,+0.40,103,50.00,26.18
2017/02/06,147245,3554330,24.0,24.35,23.9,24.15,+0.15,146,65.00,39.12
2017/02/07,1019005,26041467,24.3,26.2,24.2,25.7,+1.55,732,81.48,53.24
2017/02/08,2978116,81077957,26.0,28.0,25.95,26.75,+1.05,1838,72.22,59.56
2017/02/09,746088,19511985,26.4,26.7,25.8,25.85,-0.90,517,52.22,57.12
2017/02/10,405040,10575770,26.0,26.4,25.8,26.3,+0.45,298,62.22,58.82
2017/02/13,257051,6711778,26.2,26.35,25.9,26.0,-0.30,202,55.56,57.73
2017/02/14,219673,5707648,26.0,26.25,25.75,25.85,-0.15,195,52.22,55.90
2017/02/15,271038,6936100,25.85,25.85,25.3,25.6,-0.25,208,44.19,52.00
2017/02/16,227534,5828550,25.9,25.9,25.4,25.65,+0.05,156,42.68,48.90
2017/02/17,147200,3799300,25.7,26.0,25.6,25.8,+0.15,143,42.11,46.64
2017/02/18,166100,4312657,26.0,26.2,25.8,25.85,+0.05,129,20.37,37.88
2017/02/20,168000,4360750,26.1,26.15,25.8,25.85,0.00,106,39.29,38.35
2017/02/21,153300,3935890,25.75,25.9,25.6,25.6,-0.25,148,27.27,34.66
2017/02/22,146043,3777661,25.7,26.1,25.7,25.8,+0.20,135,47.62,38.98
2017/02/23,209200,5359285,25.8,25.95,25.45,25.45,-0.35,153,15.79,31.25
2017/02/24,231031,5846087,25.4,25.45,25.2,25.2,-0.25,165,0.00,20.83
2017/03/01,132230,3359070,25.4,25.6,25.25,25.25,+0.05,202,5.00,15.56
2017/03/02,93037,2357702,25.5,25.6,25.25,25.3,+0.05,82,10.00,13.70
2017/03/03,97012,2460512,25.25,25.5,25.2,25.5,+0.20,76,30.00,19.13
2017/03/06,1189796,31857279,25.7,27.3,25.6,26.45,+0.95,821,59.52,32.59
2017/03/07,1455100,40264900,27.8,28.2,27.25,27.45,+1.00,937,75.00,46.73
2017/03/08,2609125,74284239,28.5,28.75,27.95,28.7,+1.25,1426,98.59,64.01
2017/03/09,5792944,178203105,31.0,31.25,30.15,30.8,+2.10,3229,92.56,73.52
2017/03/10,3335397,96505928,29.05,29.55,28.2,28.8,-2.00,1961,59.50,68.84
2017/03/13,927436,26479865,28.35,28.85,28.25,28.85,+0.05,686,60.33,66.00
2017/03/14,907066,25884948,28.9,29.15,28.3,28.3,-0.55,611,51.24,61.08
2017/03/15,781320,22590095,28.4,29.15,28.4,29.0,+0.70,550,62.81,61.66
2017/03/16,461573,13340447,28.95,29.3,28.6,28.6,-0.40,341,53.10,58.81
2017/03/17,638070,18079660,28.8,28.8,28.0,28.0,-0.60,451,18.75,45.46
2017/03/20,623551,17244153,28.0,28.3,27.45,27.6,-0.40,427,3.95,31.63
2017/03/21,369029,10257983,27.8,28.05,27.6,27.7,+0.10,237,6.58,23.28
2017/03/22,324033,8874657,27.3,27.7,27.1,27.5,-0.20,243,16.33,20.96
2017/03/23,701101,19805568,27.6,28.7,27.5,28.4,+0.90,504,59.09,33.67
2017/03/24,230034,6489586,28.4,28.55,28.0,28.05,-0.35,184,43.18,36.84
2017/03/27,354600,9766706,28.0,28.0,27.1,27.1,-0.95,271,0.00,24.56
2017/03/28,252015,6856885,27.3,27.5,27.0,27.1,0.00,169,4.35,17.82
2017/03/29,140024,3803896,27.45,27.45,27.05,27.05,-0.05,105,2.78,12.81
2017/03/30,136030,3702961,27.05,27.5,27.05,27.1,+0.05,124,5.88,10.50
2017/03/31,215019,5859251,27.2,27.55,26.95,27.4,+0.30,136,25.71,15.57
2017/04/05,276053,7489787,27.4,27.4,27.0,27.0,-0.40,213,2.86,11.33
2017/04/06,154011,4181869,27.0,27.4,26.85,27.2,+0.20,107,18.92,13.86
2017/04/07,434540,11999585,27.2,27.95,27.2,27.6,+0.40,270,44.12,23.95
2017/04/10,259021,7066517,27.7,27.7,27.0,27.1,-0.50,177,21.74,23.22
2017/04/11,294329,7916306,27.1,27.4,26.6,26.7,-0.40,246,7.41,17.95
2017/04/12,173158,4579258,26.75,26.8,26.15,26.2,-0.50,259,2.78,12.90
2017/04/13,369194,9587732,26.65,26.65,25.7,25.85,-0.35,425,6.67,10.82
2017/04/14,589099,14738573,25.35,25.55,24.6,24.65,-1.20,439,1.49,7.71
2017/04/17,262000,6401600,24.65,25.05,24.1,24.3,-0.35,147,5.19,6.87
2017/04/18,154107,3834382,24.7,25.5,24.6,25.5,+1.20,215,36.36,16.70
2017/04/19,147392,3685776,25.1,25.25,24.8,25.0,-0.50,240,23.38,18.92
2017/04/20,104154,2609317,24.8,25.35,24.8,24.9,-0.10,146,22.22,20.02
2017/04/21,112624,2825694,25.1,25.4,24.9,25.1,+0.20,673,30.30,23.45
2017/04/24,78082,1939517,25.2,25.25,24.7,24.75,-0.35,129,24.07,23.65
2017/04/25,273524,6754905,24.9,24.9,24.55,24.6,-0.15,644,19.61,22.31
2017/04/26,213005,5308535,24.6,25.15,24.6,25.0,+0.40,163,62.07,35.56
2017/04/27,145010,3602920,24.85,25.3,24.7,24.75,-0.25,124,46.43,39.19
2017/04/28,151000,3719850,24.8,24.8,24.5,24.6,-0.15,99,10.00,29.46
2017/05/02,250003,6163931,24.6,25.3,24.35,24.6,0.00,144,23.81,27.58
2017/05/03,128097,3179707,24.7,25.0,24.65,24.8,+0.20,86,42.86,32.68
2017/05/04,82006,2027506,24.8,24.9,24.6,24.65,-0.15,55,28.57,31.31
2017/05/05,112009,2768484,24.65,25.0,24.5,24.75,+0.10,93,42.11,34.91
2017/05/08,106001,2614077,24.8,25.1,24.55,24.55,-0.20,65,21.05,30.29
2017/05/09,301196,7267562,24.6,24.6,23.8,23.8,-0.75,187,0.00,20.19
2017/05/10,162001,3855426,23.9,24.0,23.55,23.65,-0.15,88,5.71,15.36
2017/05/11,153006,3607300,23.65,23.9,23.4,23.5,-0.15,115,5.26,11.99
2017/05/12,91000,2147550,23.5,23.75,23.45,23.55,+0.05,71,7.89,10.62
2017/05/15,160000,3745850,23.35,23.55,23.35,23.45,-0.10,111,5.71,8.98
2017/05/16,44100,1028608,23.3,23.4,23.3,23.3,-0.15,42,0.00,5.99
2017/05/17,237000,5612750,23.35,24.0,23.3,23.5,+0.20,157,11.11,7.69
2017/05/18,101004,2375242,23.3,23.75,23.3,23.5,0.00,79,11.11,8.83
2017/05/19,148001,3449975,23.6,23.6,23.2,23.3,-0.20,101,7.14,8.27
2017/05/22,128001,2949225,23.3,23.3,22.8,22.9,-0.40,99,8.33,8.29
2017/05/23,269051,6273783,23.05,23.45,23.0,23.3,+0.40,148,41.67,19.42
2017/05/24,191142,4529807,23.2,23.85,23.2,23.8,+0.50,145,83.33,40.73
2017/05/25,114000,2681800,23.6,23.65,23.5,23.55,-0.25,69,62.50,47.98
2017/05/26,111001,2599773,23.5,23.5,23.35,23.5,-0.05,59,58.33,51.43
2017/05/31,66100,1535943,23.4,23.5,23.1,23.3,-0.20,53,41.67,48.18
2017/06/01,215548,4971054,23.25,23.35,22.9,23.05,-0.25,140,23.81,40.06
2017/06/02,134012,3094526,23.0,23.25,22.95,23.05,0.00,100,23.81,34.65
2017/06/03,127001,2926275,23.05,23.15,23.0,23.1,+0.05,74,28.57,32.62
2017/06/05,416250,9853549,23.0,24.25,23.0,24.2,+1.10,282,96.30,53.85
2017/06/06,329074,8008404,24.5,24.5,24.2,24.4,+0.20,185,93.75,67.15
2017/06/07,136006,3269044,24.5,24.55,23.7,23.9,-0.50,110,60.61,64.97
2017/06/08,91001,2158623,24.0,24.0,23.65,23.85,-0.05,70,57.58,62.50
2017/06/09,149000,3515900,23.8,23.8,23.5,23.6,-0.25,93,42.42,55.81
2017/06/12,131001,3071174,23.6,23.6,23.3,23.6,0.00,61,42.42,51.35
2017/06/13,58000,1365950,23.7,23.7,23.45,23.65,+0.05,42,43.75,48.81
2017/06/14,152002,3567098,23.65,23.75,23.3,23.3,-0.35,88,19.35,38.99
2017/06/15,111011,2614814,23.45,23.65,23.4,23.55,+0.25,84,35.48,37.82
2017/06/16,105000,2489700,23.55,23.8,23.55,23.75,+0.20,77,36.00,37.21
2017/06/19,73001,1738223,23.8,23.95,23.65,23.9,+0.15,61,48.00,40.81
2017/06/20,970009,24318021,23.9,25.95,23.9,24.65,+0.75,644,50.94,44.19
2017/06/21,382000,9436950,24.5,25.0,24.5,25.0,+0.35,217,64.15,50.84
2017/06/22,147000,3633400,25.0,25.0,24.55,24.55,-0.45,101,47.17,49.61
2017/06/23,155007,3782318,24.6,24.6,24.25,24.5,-0.05,101,45.28,48.16
2017/06/26,170004,4118850,24.55,24.6,24.0,24.15,-0.35,122,32.08,42.80
2017/06/27,349000,8320700,24.15,24.15,23.6,23.7,-0.45,239,11.76,32.45
2017/06/28,209000,4959450,23.7,24.0,23.6,23.7,0.00,93,6.25,23.71
2017/06/29,56000,1330100,23.9,23.95,23.65,23.7,0.00,47,4.26,17.23
2017/06/30,112159,2634666,23.65,23.65,23.35,23.55,-0.15,85,7.69,14.05
2017/07/03,102000,2412450,23.7,23.75,23.55,23.6,+0.05,60,15.15,14.42
2017/07/04,60420,1437195,23.6,23.95,23.6,23.75,+0.15,40,24.24,17.69
2017/07/05,106304,2544348,23.9,24.1,23.8,23.9,+0.15,95,44.00,26.46
2017/07/06,79006,1893444,24.0,24.3,23.8,24.0,+0.10,61,52.00,34.97
2017/07/07,99270,2366566,23.9,24.0,23.7,23.95,-0.05,70,63.16,44.36
2017/07/10,221001,5196873,23.75,23.75,23.2,23.2,-0.75,118,0.00,29.57
2017/07/11,94242,2197936,23.2,23.45,23.2,23.3,+0.10,73,9.09,22.74
2017/07/12,68002,1584946,23.3,23.35,23.25,23.3,0.00,45,9.09,18.19
2017/07/13,155005,3632270,23.3,23.85,23.1,23.45,+0.15,110,29.17,21.85
2017/07/14,91161,2125025,23.45,23.45,23.25,23.25,-0.20,72,12.50,18.74
2017/07/17,235000,5440800,23.35,23.35,23.1,23.25,0.00,136,12.50,16.66
2017/07/18,234000,5526700,23.2,23.9,23.2,23.7,+0.45,133,50.00,27.78
2017/07/19,163437,3886780,24.1,24.1,23.6,23.6,-0.10,111,50.00,35.19
2017/07/20,116200,2744189,23.6,23.7,23.6,23.6,0.00,72,50.00,40.13
2017/07/21,100000,2362350,23.8,23.8,23.55,23.55,-0.05,64,45.00,41.75
2017/07/24,174000,4078800,23.5,23.8,23.25,23.4,-0.15,87,30.00,37.83
2017/07/25,261010,6080782,23.75,23.75,23.2,23.2,-0.20,122,10.00,28.55
2017/07/26,351123,8161803,23.2,23.5,23.15,23.2,0.00,203,10.00,22.36
2017/07/27,262430,5956011,22.65,22.9,22.6,22.6,X0.00,170,0.00,14.91
2017/07/28,176004,3946296,22.75,22.75,22.25,22.3,-0.30,127,2.70,10.84
2017/07/31,133004,2939746,22.2,22.2,22.05,22.1,-0.20,107,2.44,8.04
2017/08/01,85000,1884250,22.1,22.35,22.1,22.15,+0.05,64,5.71,7.26
2017/08/02,309339,6858624,22.15,22.6,22.0,22.05,-0.10,168,2.78,5.77
2017/08/03,164017,3613141,21.95,22.15,21.9,22.0,-0.05,95,5.26,5.60
2017/08/04,140000,3087350,21.95,22.15,21.95,22.0,0.00,72,5.41,5.53
2017/08/07,114001,2513273,22.05,22.15,22.0,22.05,+0.05,56,9.38,6.82
2017/08/08,180000,3993346,22.2,22.45,22.05,22.05,0.00,103,15.00,9.55
2017/08/09,149070,3293242,22.25,22.25,22.0,22.05,0.00,85,17.65,12.25
2017/08/10,391000,8533450,22.05,22.05,21.6,21.6,-0.45,164,0.00,8.17
2017/08/11,208002,4471346,21.6,21.6,21.4,21.5,-0.10,89,8.33,8.23
2017/08/14,468000,9798796,21.55,21.6,20.5,20.85,-0.65,164,16.67,11.05
2017/08/15,716450,14262532,20.85,20.85,19.6,19.85,-1.00,442,8.77,10.29
2017/08/16,351770,6882031,19.85,19.85,19.3,19.75,-0.10,256,14.29,11.62
2017/08/17,381000,7628350,19.75,20.4,19.6,20.1,+0.35,266,25.40,16.22
2017/08/18,478500,9861950,20.15,21.25,19.85,21.2,+1.10,291,60.32,30.92
2017/08/21,363068,7700222,21.35,21.75,20.9,20.95,-0.25,225,55.93,39.25
2017/08/22,215000,4533450,21.05,21.4,20.8,20.95,0.00,119,60.00,46.17
2017/08/23,146002,3021593,21.0,21.0,20.6,20.6,-0.35,93,53.06,48.47
2017/08/24,176197,3676555,20.6,21.25,20.6,20.75,+0.15,121,59.18,52.04
2017/08/25,128904,2673654,20.75,20.9,20.65,20.85,+0.10,90,63.27,55.78
2017/08/28,72179,1507995,20.75,21.0,20.75,20.9,+0.05,56,65.31,58.96
2017/08/29,164600,3463769,20.85,21.3,20.85,20.9,0.00,90,60.47,59.47
2017/08/30,168000,3543400,21.35,21.35,20.95,20.95,+0.05,101,57.89,58.95
2017/08/31,124394,2621451,21.0,21.2,20.95,21.2,+0.25,67,52.17,56.69
2017/09/01,143500,3031400,21.4,21.4,21.05,21.15,-0.05,68,68.75,60.71
2017/09/04,347492,7244281,21.15,21.3,20.6,20.75,-0.40,166,18.75,46.72
2017/09/05,151003,3124217,20.75,20.95,20.6,20.65,-0.10,79,6.25,33.23
2017/09/06,205039,4227598,20.7,20.85,20.35,20.7,+0.05,86,33.33,33.26
2017/09/07,89000,1839400,20.7,20.9,20.5,20.5,-0.20,52,14.29,26.93
2017/09/08,92000,1893250,20.5,20.8,20.45,20.7,+0.20,62,33.33,29.06
2017/09/11,1187626,25652507,20.7,22.25,20.7,21.7,+1.00,660,71.05,43.05
2017/09/12,290001,6255571,21.9,21.9,21.3,21.5,-0.20,140,60.53,48.88
2017/09/13,195289,4215377,21.8,21.8,21.35,21.6,+0.10,117,65.79,54.52
2017/09/14,219000,4686500,21.6,21.65,21.25,21.25,-0.35,129,47.37,52.14
2017/09/15,192400,4138979,21.4,21.75,21.2,21.6,+0.35,130,65.79,56.69
2017/09/18,94351,2011626,21.6,21.6,21.25,21.25,-0.35,75,47.37,53.58
2017/09/19,83003,1766663,21.35,21.5,21.15,21.15,-0.10,61,38.89,48.68
2017/09/20,210044,4402867,21.15,21.3,20.6,20.65,-0.50,120,11.11,36.15
2017/09/21,207002,4327942,20.7,21.3,20.6,20.95,+0.30,104,21.21,31.17
2017/09/22,261003,5380960,20.95,20.95,20.55,20.55,-0.40,126,0.00,20.78
2017/09/25,292456,5854123,20.35,20.35,19.85,19.95,-0.60,162,5.13,15.56
2017/09/26,157319,3143716,20.1,20.15,19.85,19.85,-0.10,72,0.00,10.37
2017/09/27,131902,2637792,19.85,20.15,19.85,19.95,+0.10,79,5.26,8.66
2017/09/28,175217,3570721,20.0,20.9,20.0,20.25,+0.30,107,22.86,13.39
2017/09/29,97020,1960406,20.3,20.3,20.1,20.15,-0.10,57,18.18,14.99
2017/09/30,31200,629128,20.2,20.25,20.1,20.15,0.00,34,20.69,16.89
2017/10/02,80347,1619176,20.15,20.25,20.1,20.25,+0.10,60,27.59,20.46
2017/10/03,73242,1477225,20.3,20.3,20.1,20.1,-0.15,52,22.73,21.22
2017/10/05,95100,1922675,20.1,20.35,20.05,20.25,+0.15,58,38.10,26.85
2017/10/06,103018,2069510,20.25,20.25,20.0,20.15,-0.10,78,28.57,27.42
2017/10/11,234302,4642608,19.9,19.95,19.65,19.9,-0.25,122,20.00,24.95
2017/10/12,179128,3583666,19.9,20.2,19.85,20.05,+0.15,91,32.00,27.30
2017/10/13,59001,1178070,19.9,20.05,19.9,20.05,0.00,31,57.14,37.25
2017/10/16,203100,4054019,20.05,20.05,19.9,19.95,-0.10,81,42.86,39.12
2017/10/17,293001,5940420,19.95,20.5,19.95,20.15,+0.20,139,58.82,45.69
2017/10/18,80011,1615072,20.1,20.35,20.05,20.1,-0.05,37,52.94,48.11
2017/10/19,100000,2000950,20.1,20.15,19.95,19.95,-0.15,55,35.29,43.83
2017/10/20,93005,1859000,20.15,20.15,19.9,19.9,-0.05,50,29.41,39.02
2017/10/23,79000,1568950,19.9,19.95,19.8,19.8,-0.10,48,17.65,31.89
2017/10/24,60000,1187150,19.8,19.85,19.75,19.75,-0.05,40,0.00,21.26
2017/10/25,121400,2405346,19.9,19.9,19.7,19.75,0.00,63,6.25,16.25
2017/10/26,78001,1544321,19.75,19.85,19.75,19.8,+0.05,50,12.50,15.00
2017/10/27,313274,6164664,20.0,20.05,19.35,19.35,-0.45,168,0.00,10.00
2017/10/30,395000,7523850,19.6,19.65,18.7,18.85,-0.50,213,9.09,9.70
2017/10/31,418000,7794200,18.95,18.95,18.45,18.55,-0.30,261,5.88,8.43
2017/11/01,410005,7557546,18.45,18.85,18.0,18.65,+0.10,224,30.23,15.70
2017/11/02,105204,1962146,18.65,18.8,18.55,18.65,0.00,68,31.71,21.04
2017/11/03,95634,1794280,18.65,18.9,18.65,18.85,+0.20,61,41.46,27.85
2017/11/06,113366,2131876,18.85,18.95,18.7,18.7,-0.15,66,34.15,29.95
2017/11/07,359001,6981720,19.0,20.0,18.7,19.5,+0.80,202,73.17,44.36
2017/11/08,129162,2521442,19.75,19.95,19.3,19.5,0.00,68,73.17,53.96
2017/11/09,126199,2427600,19.15,19.45,19.05,19.15,-0.35,72,57.50,55.14
2017/11/10,132000,2547350,19.3,19.5,19.0,19.45,+0.30,80,72.50,60.93
2017/11/13,102001,1956220,19.45,19.45,19.0,19.3,-0.15,57,65.00,62.29
2017/11/14,122000,2327650,19.4,19.4,18.85,19.0,-0.30,71,31.03,51.87
2017/11/15,65119,1221837,19.0,19.0,18.7,18.7,-0.30,45,3.70,35.81
2017/11/16,138000,2583450,18.7,19.05,18.5,18.8,+0.10,83,20.00,30.54
2017/11/17,47000,883000,18.85,19.0,18.65,18.9,+0.10,43,26.67,29.25
2017/11/20,99000,1864450,19.0,19.0,18.65,18.95,+0.05,60,31.03,29.84
2017/11/21,221767,4283223,18.95,19.5,18.95,19.2,+0.25,118,70.00,43.22
2017/11/22,238375,4598867,19.2,19.4,19.05,19.4,+0.20,118,90.00,58.81
2017/11/23,93002,1791438,19.35,19.4,19.1,19.4,0.00,62,90.00,69.21
2017/11/24,124000,2386650,19.5,19.5,19.1,19.3,-0.10,72,80.00,72.81
2017/11/27,170120,3239021,19.35,19.5,18.75,18.85,-0.45,115,35.00,60.21
2017/11/28,193005,3655645,18.8,19.2,18.7,18.9,+0.05,96,40.00,53.47
2017/11/29,69043,1312960,19.1,19.15,18.8,18.95,+0.05,57,35.29,47.41
2017/11/30,167057,3195433,19.15,19.45,18.9,19.0,+0.05,110,41.18,45.34
2017/12/01,120001,2266769,19.0,19.05,18.75,19.05,+0.05,73,43.75,44.81
2017/12/04,125002,2371038,19.05,19.2,18.85,18.9,-0.15,80,25.00,38.20
2017/12/05,145204,2729486,18.9,18.9,18.7,18.9,0.00,80,25.00,33.80
2017/12/06,458001,8792719,18.8,19.5,18.75,19.05,+0.15,234,43.75,37.11
2017/12/07,1249005,25691304,19.2,20.95,19.1,20.95,+1.90,581,100.00,58.07
2017/12/08,2285622,47548283,21.1,21.4,20.4,21.05,+0.10,1057,87.04,67.72
2017/12/11,1193368,25641362,21.05,21.8,21.05,21.7,+0.65,596,96.77,77.41
2017/12/12,820105,17751609,21.9,22.2,21.05,21.2,-0.50,409,71.43,75.42
2017/12/13,358200,7543750,20.95,21.35,20.75,21.0,-0.20,194,65.71,72.18
2017/12/14,2874316,65126547,21.5,23.1,21.2,23.1,+2.10,1409,100.00,81.45
2017/12/15,1926313,44434336,23.4,23.55,22.65,22.75,-0.35,1153,83.51,82.14
2017/12/18,922602,20727952,22.8,23.0,22.1,22.65,-0.10,510,81.25,81.84
2017/12/19,525005,11701710,22.85,22.85,22.15,22.25,-0.40,245,70.79,78.16
2017/12/20,335113,7509329,22.55,22.7,22.15,22.3,+0.05,189,60.32,72.22
2017/12/21,329005,7287960,22.3,22.3,22.05,22.05,-0.25,181,46.43,63.63
2017/12/22,465001,10243072,22.2,22.5,21.75,21.9,-0.15,233,41.07,56.11
2017/12/25,413004,8922534,22.25,22.25,21.35,21.5,-0.40,242,26.79,46.34
2017/12/26,362042,7724489,21.5,21.95,21.05,21.1,-0.40,211,2.00,31.56
2017/12/27,298265,6355045,21.45,21.55,21.1,21.3,+0.20,175,10.00,24.37
2017/12/28,2210117,49780817,21.75,23.2,21.5,22.2,+0.90,1202,53.49,34.08
2017/12/29,443500,9775343,22.25,22.7,21.85,21.85,-0.35,292,37.21,35.12
2018/01/02,200168,4353376,21.9,21.9,21.55,21.85,0.00,129,37.21,35.81
2018/01/03,780012,17381716,21.9,22.6,21.7,22.4,+0.55,414,62.79,44.80
2018/01/04,302001,6660222,22.35,22.35,21.95,22.0,-0.40,197,44.19,44.60
2018/01/05,299439,6647144,22.0,22.55,21.95,22.0,0.00,206,44.19,44.46
2018/01/08,429002,9264948,21.9,22.05,21.25,21.3,-0.70,244,11.63,33.52
2018/01/09,490003,10588264,21.6,21.85,21.35,21.6,+0.30,247,23.81,30.29
2018/01/10,535000,11355650,21.4,21.6,21.05,21.15,-0.45,237,4.65,21.74
2018/01/11,202004,4256038,21.2,21.2,20.9,20.95,-0.20,124,2.78,15.42
2018/01/12,275000,5837600,21.2,21.6,21.0,21.15,+0.20,178,14.71,15.18
2018/01/15,214500,4547949,21.15,21.6,21.0,21.15,0.00,131,14.71,15.02
2018/01/16,456500,9528699,21.05,21.05,20.7,20.85,-0.30,230,8.11,12.71
2018/01/17,179500,3759071,21.1,21.1,20.85,20.9,+0.05,111,10.81,12.07
2018/01/18,309062,6555807,21.0,21.5,20.95,21.05,+0.15,190,25.93,16.69
2018/01/19,226000,4719300,21.4,21.4,20.7,20.7,-0.35,150,0.00,11.13
2018/01/22,236320,4877690,20.7,21.15,20.45,20.45,-0.25,165,0.00,7.42
2018/01/23,180001,3688970,20.65,20.65,20.4,20.55,+0.10,139,12.50,9.12
2018/01/24,132180,2724817,20.55,20.9,20.45,20.55,0.00,110,12.50,10.25
2018/01/25,222609,4520131,20.55,20.8,20.1,20.1,-0.45,136,0.00,6.83
2018/01/26,434300,8739658,20.2,20.45,20.0,20.2,+0.10,238,13.33,8.99
2018/01/29,102188,2054565,20.25,20.3,20.0,20.05,-0.15,66,3.33,7.10
2018/01/30,205153,4155840,20.05,20.55,20.05,20.1,+0.05,100,6.67,6.95
2018/01/31,124160,2485522,20.1,20.1,20.0,20.05,-0.05,75,3.57,5.82
2018/02/01,135250,2719585,20.05,20.35,20.0,20.1,+0.05,87,8.70,6.78
2018/02/02,156101,3152710,20.15,20.35,20.05,20.15,+0.05,133,16.67,10.08
2018/02/05,345003,6796313,20.15,20.2,19.4,19.75,-0.40,241,23.33,14.50
2018/02/06,396010,7501660,19.75,19.75,18.5,18.7,-1.05,262,8.70,12.57
2018/02/07,186573,3567252,19.1,19.45,18.9,19.05,+0.35,115,26.83,17.32
2018/02/08,99006,1862470,19.05,19.2,18.7,18.7,-0.35,75,9.76,14.80
2018/02/09,380000,6864250,18.3,18.3,17.8,18.2,-0.50,182,14.55,14.72
2018/02/12,332000,6031050,18.0,18.9,17.8,18.1,-0.10,175,11.76,13.73
2018/02/21,184000,3400500,18.2,18.9,18.2,18.45,+0.35,120,25.49,17.65
2018/02/22,268341,5009361,18.5,19.2,18.25,18.7,+0.25,167,35.29,23.53
2018/02/23,234728,4402127,19.0,19.0,18.65,18.75,+0.05,123,39.58,28.88
2018/02/26,163301,3072343,18.9,19.15,18.7,18.8,+0.05,135,51.28,36.34
2018/02/27,317195,6122009,19.15,19.8,19.05,19.1,+0.30,185,65.00,45.90
2018/03/01,125000,2386500,19.0,19.4,18.85,19.0,-0.10,78,60.00,50.60
2018/03/02,130001,2430270,18.85,18.85,18.65,18.65,-0.35,80,42.50,47.90
2018/03/05,65301,1238162,19.15,19.3,18.65,18.85,+0.20,188,52.50,49.43
2018/03/06,90000,1712000,19.05,19.3,18.8,18.9,+0.05,42,43.75,47.53
2018/03/07,93000,1743750,19.0,19.0,18.6,18.65,-0.25,64,25.81,40.29
2018/03/08,204042,3800640,18.65,18.9,18.4,18.6,-0.05,148,14.29,31.62
2018/03/09,68147,1277500,18.9,18.9,18.6,18.7,+0.10,110,21.43,28.22
2018/03/12,224000,4242850,19.0,19.1,18.8,18.9,+0.20,122,35.71,30.71
2018/03/13,288037,5509940,19.0,19.6,18.8,19.15,+0.25,175,62.50,41.30
2018/03/14,85000,1623150,19.1,19.25,19.0,19.05,-0.10,55,54.17,45.59
2018/03/15,123000,2354000,19.05,19.35,19.0,19.05,0.00,67,54.17,48.45
2018/03/16,172001,3270520,19.2,19.2,18.9,19.05,0.00,81,54.17,50.36
2018/03/19,85077,1609500,19.05,19.05,18.8,18.9,-0.15,121,41.67,47.46
2018/03/20,126039,2378741,18.9,19.1,18.75,18.8,-0.10,103,33.33,42.75
2018/03/21,99022,1879018,19.0,19.15,18.8,19.0,+0.20,80,40.00,41.83
2018/03/22,87240,1651862,19.0,19.35,18.75,18.75,-0.25,99,0.00,27.89
2018/03/23,314023,5751987,18.6,18.6,18.15,18.15,-0.60,227,0.00,18.59
2018/03/26,185040,3382572,18.4,18.55,18.15,18.35,+0.20,124,16.67,17.95
2018/03/27,215341,3987682,18.55,18.75,18.2,18.6,+0.25,130,37.50,24.47
2018/03/28,91000,1676850,18.5,18.55,18.35,18.35,-0.25,45,16.67,21.87
2018/03/29,484646,9123787,18.45,19.20,18.40,19.00,+0.65,265,70.83,38.19
2018/03/30,283500,5418615,19.00,19.40,18.90,18.90,-0.10,171,60.00,45.46
2018/03/31,59009,1110330,18.90,18.90,18.70,18.75,-0.15,45,48.00,46.31
2018/04/02,1573490,31298938,19.00,20.40,18.90,20.40,+1.65,898,100.00,64.20
2018/04/03,567000,11353350,20.30,20.35,19.70,20.25,-0.15,384,93.33,73.91
2018/04/09,296000,5925700,20.40,20.40,19.80,19.90,-0.35,168,77.78,75.20
2018/04/10,424538,8589740,20.00,20.60,19.80,19.80,-0.10,342,66.67,72.35
2018/04/11,325000,6536800,20.05,20.30,19.90,19.95,+0.15,181,71.11,71.93
2018/04/12,296000,5821100,20.10,20.20,19.40,19.40,-0.55,197,45.45,63.10
2018/04/13,110112,2156669,19.45,19.75,19.35,19.65,+0.25,155,50.00,58.74
2018/04/16,293247,5867099,19.65,20.25,19.65,19.90,+0.25,211,63.16,60.21
2018/04/17,198179,3865692,20.00,20.00,19.30,19.30,-0.60,177,23.53,47.98
2018/04/18,92511,1793767,19.65,19.65,19.25,19.35,+0.05,94,7.41,34.46
2018/04/19,236015,4635850,19.45,19.90,19.40,19.60,+0.25,133,25.93,31.61
2018/04/20,202485,3994816,19.55,19.95,19.55,19.80,+0.20,133,40.74,34.65
2018/04/23,285102,5703669,20.00,20.40,19.80,19.90,+0.10,202,56.52,41.94
2018/04/24,204045,4010695,19.90,20.00,19.40,19.45,-0.45,149,17.39,33.76
2018/04/25,941500,19097733,19.60,20.80,19.50,20.40,+0.95,645,74.19,47.24
2018/04/26,477155,9573517,20.45,20.60,19.65,19.65,-0.75,325,25.81,40.09
2018/04/27,223003,4473810,19.95,20.15,19.80,20.00,+0.35,140,48.39,42.86
2018/04/30,245552,4946022,20.20,20.25,20.00,20.15,+0.15,131,58.06,47.92
2018/05/02,1372362,29218557,20.40,21.90,20.30,21.30,+1.15,869,76.00,57.28
2018/05/03,727127,15613247,21.25,21.75,21.10,21.60,+0.30,449,88.00,67.52
2018/05/04,2146000,47434550,21.60,22.65,21.30,22.20,+0.60,1058,86.15,73.73
2018/05/07,1129037,25041869,22.25,22.65,21.70,22.20,0.00,544,86.15,77.87
2018/05/08,386005,8501720,22.20,22.20,21.85,22.05,-0.15,204,80.95,78.89
2018/05/09,908015,20392588,22.05,22.65,22.05,22.55,+0.50,451,96.67,84.81
2018/05/10,1673000,36865600,22.00,22.50,21.50,22.50,-0.05,756,94.74,88.12
2018/05/11,2383000,53588400,23.00,23.05,21.50,21.50,-1.00,977,49.18,75.14
2018/05/14,1055009,21695757,21.20,21.20,20.15,20.50,-1.00,639,12.07,54.11
2018/05/15,379112,7668684,20.30,20.40,20.15,20.15,-0.35,245,0.00,36.07
2018/05/16,405226,8173865,20.10,20.45,20.00,20.10,-0.05,241,3.28,25.14
2018/05/17,161800,3245850,20.20,20.20,19.95,20.00,-0.10,110,1.61,17.30
2018/05/18,126001,2531720,20.15,20.20,20.00,20.15,+0.15,79,6.45,13.68
2018/05/21,152000,3048750,20.15,20.20,20.00,20.05,-0.10,103,3.23,10.20
2018/05/22,102001,2053370,20.30,20.30,20.05,20.20,+0.15,57,8.06,9.49
2018/05/23,245000,4931850,20.20,20.30,20.05,20.10,-0.10,72,4.84,7.94
2018/05/24,254001,5062720,20.10,20.10,19.85,19.90,-0.20,131,3.70,6.52
2018/05/25,231000,4601650,19.90,20.15,19.80,19.95,+0.05,127,23.08,12.04
2018/05/28,178001,3528469,20.00,20.00,19.70,19.70,-0.25,99,0.00,8.03
2018/05/29,159193,3142977,19.80,19.95,19.70,19.75,+0.05,110,8.33,8.13
2018/05/30,160011,3124531,19.60,19.70,19.40,19.50,-0.25,124,11.11,9.12
2018/05/31,197177,3844863,19.55,19.70,19.35,19.70,+0.20,117,36.84,18.36
2018/06/01,125000,2483200,19.70,20.20,19.65,20.05,+0.35,87,73.68,36.80
2018/06/04,179700,3617073,20.20,20.30,20.05,20.05,0.00,97,73.68,49.09
2018/06/05,97000,1944500,20.05,20.20,19.95,20.00,-0.05,55,68.42,55.54
2018/06/06,81000,1621450,20.00,20.05,19.90,20.00,0.00,49,68.42,59.84
2018/06/07,124000,2475600,20.00,20.00,19.90,19.95,-0.05,66,63.16,60.94
2018/06/08,78000,1547600,19.95,19.95,19.75,19.80,-0.15,55,47.37,56.42
2018/06/11,142001,2795119,19.80,19.80,19.55,19.75,-0.05,77,42.11,51.65
2018/06/12,51000,999500,19.60,19.70,19.55,19.60,-0.15,39,26.32,43.20
2018/06/13,106001,2074120,19.50,19.70,19.50,19.65,+0.05,64,18.75,35.05
2018/06/14,72000,1409900,19.70,19.70,19.55,19.60,-0.05,41,12.50,27.54
2018/06/15,42000,821050,19.50,19.60,19.50,19.55,-0.05,30,7.14,20.74
2018/06/19,115001,2224371,19.60,19.60,19.15,19.25,-0.30,52,11.11,17.53
2018/06/20,189000,3590100,19.25,19.25,18.90,19.00,-0.25,94,9.09,14.72
2018/06/21,74005,1406402,19.00,19.10,18.90,19.00,0.00,41,9.52,12.98
2018/06/22,86100,1627305,19.05,19.10,18.85,19.05,+0.05,38,21.05,15.67
2018/06/25,33002,627890,19.10,19.10,18.95,18.95,-0.10,20,11.76,14.37
2018/06/26,85001,1596219,18.80,18.95,18.65,18.85,-0.10,59,19.05,15.93
2018/06/27,65221,1223359,18.85,18.85,18.70,18.80,-0.05,49,14.29,15.38
2018/06/28,54001,1024019,18.90,19.10,18.80,19.05,+0.25,46,42.11,24.29
2018/06/29,54001,1030769,19.05,19.20,19.00,19.10,+0.05,42,47.37,31.98
2018/07/02,89152,1699348,19.10,19.30,18.90,18.90,-0.20,55,38.46,34.14
2018/07/03,59000,1113550,18.85,19.05,18.75,18.90,0.00,46,38.46,35.58
2018/07/04,24000,449050,18.80,18.80,18.60,18.80,-0.10,21,28.57,33.24
2018/07/05,45000,836450,18.80,18.80,18.50,18.50,-0.30,32,0.00,22.16
2018/07/06,29000,533600,18.50,18.75,18.30,18.75,+0.25,22,45.00,29.77
2018/07/09,29007,540433,18.70,18.80,18.50,18.55,-0.20,29,25.00,28.18
2018/07/10,39896,742612,18.90,18.90,18.55,18.75,+0.20,33,45.00,33.79
2018/07/11,32000,598750,18.75,18.75,18.65,18.70,-0.05,19,40.00,35.86
2018/07/12,23110,433917,18.95,18.95,18.65,18.70,0.00,19,40.00,37.24
2018/07/13,81002,1514888,18.50,18.90,18.50,18.85,+0.15,49,73.33,49.27
2018/07/16,75001,1423219,18.95,19.10,18.85,19.00,+0.15,51,87.50,62.02
2018/07/17,28075,533182,19.00,19.05,18.95,19.00,0.00,23,87.50,70.52
2018/07/18,70550,1337465,19.00,19.10,18.85,18.85,-0.15,49,68.75,69.93
2018/07/19,85100,1608159,19.10,19.10,18.80,18.80,-0.05,44,50.00,63.29
2018/07/20,80051,1490111,18.90,18.90,18.50,18.50,-0.30,52,0.00,42.19
2018/07/23,45011,824009,18.30,18.45,18.20,18.45,0.00,34,27.78,37.39
2018/07/24,34014,624862,18.45,18.45,18.35,18.35,-0.10,24,16.67,30.49
2018/07/25,44005,811693,18.30,18.50,18.30,18.50,+0.15,35,33.33,31.44
2018/07/26,16000,297450,18.80,18.80,18.50,18.50,0.00,16,33.33,32.07
2018/07/27,44000,820950,18.60,18.80,18.50,18.80,+0.30,32,66.67,43.60
2018/07/30,34100,636925,19.00,19.00,18.60,18.60,-0.20,31,44.44,43.88
2018/07/31,38100,708025,18.60,18.90,18.50,18.50,-0.10,31,33.33,40.36
2018/08/01,19000,351950,18.50,18.60,18.50,18.50,0.00,13,37.50,39.41
2018/08/02,45000,830900,18.55,18.60,18.40,18.40,-0.10,29,25.00,34.60
2018/08/03,23001,424168,18.45,18.60,18.40,18.45,+0.05,15,21.43,30.21
2018/08/06,509000,9906850,18.70,19.80,18.65,19.45,+1.00,372,76.67,45.70
2018/08/07,200797,3905178,19.55,19.75,19.20,19.40,-0.05,153,71.43,54.28
2018/08/08,55441,1071142,19.40,19.50,19.20,19.30,-0.10,37,64.29,57.62
2018/08/09,95491,1826509,19.20,19.25,19.00,19.10,-0.20,76,50.00,55.08
2018/08/10,71004,1337334,18.85,18.90,18.75,18.80,-0.30,57,28.57,46.24
2018/08/13,215008,3946447,18.70,18.70,18.15,18.20,-0.60,118,3.03,31.84
2018/08/14,59499,1087180,18.25,18.35,18.20,18.35,+0.15,37,12.12,25.27
2018/08/15,115000,2087350,18.45,18.45,18.00,18.15,-0.20,62,8.33,19.63
2018/08/16,103000,1871600,18.10,18.25,18.10,18.15,0.00,67,8.33,15.87
2018/08/17,158001,2858169,18.20,18.30,18.00,18.00,-0.15,91,0.00,10.58
2018/08/20,96001,1727169,18.10,18.15,17.90,18.10,+0.10,43,12.50,11.22
2018/08/21,89000,1597100,18.05,18.25,17.85,18.10,0.00,55,17.86,13.43
2018/08/22,30001,542269,18.10,18.20,18.00,18.20,+0.10,26,33.33,20.06
2018/08/23,44000,799500,18.20,18.35,18.10,18.20,0.00,36,41.18,27.10
2018/08/24,23000,415750,18.05,18.20,18.00,18.10,-0.10,17,41.67,31.96
2018/08/27,26000,475100,18.20,18.35,18.20,18.30,+0.20,21,75.00,46.31
2018/08/28,57000,1032050,18.05,18.15,18.05,18.10,-0.20,39,50.00,47.54
2018/08/29,52401,960828,18.35,18.45,18.15,18.25,+0.15,45,66.67,53.91
2018/08/30,204600,3776039,18.35,18.60,18.20,18.50,+0.25,87,86.67,64.83
2018/08/31,50000,917900,18.50,18.55,18.25,18.30,-0.20,45,60.00,63.22
2018/09/03,58201,1059255,18.25,18.35,18.05,18.20,-0.10,52,33.33,53.26
2018/09/04,47051,854887,18.30,18.30,18.10,18.20,0.00,34,33.33,46.62
2018/09/05,82001,1484470,18.20,18.20,18.00,18.10,-0.10,50,16.67,36.64
2018/09/06,59000,1064350,18.10,18.10,18.00,18.05,-0.05,35,8.33,27.21
2018/09/07,91583,1649451,18.10,18.10,17.95,18.00,-0.05,46,7.69,20.70
2018/09/10,202004,3553628,18.00,18.00,17.35,17.45,-0.55,96,8.00,16.47
2018/09/11,30000,521500,17.45,17.45,17.25,17.45,0.00,18,14.81,15.92
2018/09/12,69004,1196426,17.85,17.85,17.20,17.30,-0.15,47,7.41,13.08
2018/09/13,137001,2297619,16.30,17.50,16.30,17.35,+0.05,94,51.22,25.79
2018/09/14,80003,1392057,17.35,17.60,17.30,17.50,+0.15,42,60.00,37.19
2018/09/17,70006,1198915,17.30,17.30,17.00,17.30,-0.20,42,52.63,42.33
2018/09/18,33509,577204,17.25,17.30,17.10,17.20,-0.10,29,50.00,44.89
2018/09/19,34513,603553,17.45,17.55,17.35,17.40,+0.20,36,61.11,50.30
2018/09/20,59000,1018950,17.35,17.45,17.20,17.20,-0.20,30,52.94,51.18
2018/09/21,111009,1878717,17.30,17.30,16.75,16.80,-0.40,76,32.26,44.87
2018/09/25,412052,6766558,16.80,16.80,16.20,16.50,-0.30,312,18.18,35.97
2018/09/26,104846,1754555,16.55,16.90,16.55,16.85,+0.35,82,46.43,39.46
2018/09/27,121018,2053529,16.90,17.10,16.70,17.05,+0.20,85,60.71,46.55
2018/09/28,40015,682231,17.05,17.25,17.00,17.00,-0.05,31,59.26,50.78
2018/10/01,45016,770499,17.05,17.25,17.05,17.20,+0.20,29,74.07,58.54
2018/10/02,105873,1832685,17.30,17.45,17.20,17.35,+0.15,54,85.19,67.43
2018/10/03,619592,11688726,17.55,19.05,17.55,19.05,+1.70,367,100.00,78.28
2018/10/04,1387000,25680700,19.00,19.00,18.10,18.20,-0.85,951,70.18,75.58
2018/10/05,1040000,19254400,18.20,19.15,18.00,18.60,+0.40,653,81.36,77.51
2018/10/08,372155,6956779,18.75,19.25,18.35,18.50,-0.10,272,72.22,75.74
2018/10/09,229047,4182456,18.50,18.75,17.90,18.10,-0.40,142,54.90,68.79
2018/10/11,481090,8007708,17.00,17.00,16.30,16.50,-1.60,302,6.78,48.12
2018/10/12,166000,2805900,16.50,17.30,16.30,17.10,+0.60,128,27.12,41.12
